mpciter: 0 xx is: [ 12.  21.  25.  25.  25.  25.  25.  25.   1.   0. 100. 200.]
mpciter: 1 xx is: [ 12.  21.  25.  25.  25.  25.  25.  25.   1.   0. 100. 200.]
mpciter: 2 xx is: [1.19476358e+01 2.11881897e+01 2.40820695e+01 2.47822665e+01
 2.49622277e+01 3.88334823e+01 2.80223196e+01 2.48929637e+01
 1.81538173e+05 9.00000000e+02 1.00000000e+02 2.00000000e+02]
mpciter: 3 xx is: [1.18998313e+01 2.12958558e+01 2.35218331e+01 2.43549715e+01
 2.96291215e+03 4.58231959e+05 1.03463827e+05 6.88030112e+02
 5.94874286e+09 1.80000000e+03 1.00000000e+02 2.00000000e+02]
mpciter: 4 xx is: [1.18552447e+01 2.13525956e+01 2.31326553e+01 2.39001339e+01
 8.03150620e+06 1.24857315e+09 2.82042805e+08 1.82870635e+06
 1.94927954e+14 2.70000000e+03 1.00000000e+02 2.00000000e+02]
mpciter: 5 xx is: [ 1.18129385e+01  2.13361485e+01  1.63675883e+01 -3.74016396e+02
  2.62298986e+11  4.09055602e+13  9.23431740e+12  5.92134334e+10
  6.38739483e+18  3.60000000e+03  1.00000000e+02  2.00000000e+02]
mpciter: 6 xx is: [ 1.02397928e+01 -1.22918395e+03 -2.11939850e+05 -1.30262390e+07
  8.59500581e+15  1.34039247e+18  3.02589898e+17  1.94030314e+15
  2.09302010e+23  4.50000000e+03  1.00000000e+02  2.00000000e+02]
mpciter: 7 xx is: [-3.78096224e+11 -3.41793606e+14 -6.02746381e+16 -3.74559186e+18
 -2.49013832e+21 -1.22232134e+23 -2.72922246e+22 -1.72520601e+20
  6.85841744e+27  5.40000000e+03  1.00000000e+02  2.00065699e+02]
mpciter: 8 xx is: [-1.31238546e+16 -1.06150199e+19 -1.79276503e+21 -1.10064275e+23
 -7.29828164e+25 -3.58118309e+27 -7.99674803e+26 -5.06149286e+24
  2.24737011e+32  6.30000000e+03  1.00000000e+02  2.00125372e+02]
mpciter: 9 xx is: [-3.88533925e+20 -3.14531666e+23 -5.31412429e+25 -3.26288983e+27
 -2.16364933e+30 -1.06168131e+32 -2.37072277e+31 -1.50051735e+29
  7.36419388e+36  7.20000000e+03  1.00000000e+02  2.00180198e+02]
mpciter: 10 xx is: [-1.15779972e+25 -9.37733110e+27 -1.58464568e+30 -9.73031630e+31
 -6.45232934e+34 -3.16609917e+36 -7.06986257e+35 -4.47474979e+33
  2.41310247e+41  8.10000000e+03  1.00000000e+02  2.00230885e+02]
mpciter: 11 xx is: [-3.46169468e+29 -2.80439981e+32 -4.73953448e+34 -2.91033193e+36
 -1.92989928e+39 -9.46984725e+40 -2.11460553e+40 -1.33839997e+38
  7.90726441e+45  9.00000000e+03  1.00000000e+02  2.00277919e+02]
mpciter: 12 xx is: [-1.03638224e+34 -8.39672130e+36 -1.41912674e+39 -8.71429841e+40
 -5.77863787e+43 -2.83552793e+45 -6.33169954e+44 -4.00752650e+42
  2.59105546e+50  9.90000000e+03  1.00000000e+02  2.00321656e+02]
mpciter: 13 xx is: [-3.10235038e+38 -2.51344546e+41 -4.24792026e+43 -2.60847281e+45
 -1.72973307e+48 -8.48765065e+49 -1.89528216e+49 -1.19958249e+47
  8.49037971e+54  1.08000000e+04  1.00000000e+02  2.00362371e+02]
mpciter: 14 xx is: [-9.27402010e+42 -7.51264474e+45 -1.26963195e+48 -7.79617593e+49
 -5.16979226e+52 -2.53677130e+54 -5.66458030e+53 -3.58529272e+51
  2.78213036e+59  1.17000000e+04  1.00000000e+02  2.00400281e+02]
mpciter: 15 xx is: [-2.76542548e+47 -2.23971741e+50 -3.78477559e+52 -2.32398435e+54
 -1.54107005e+57 -7.56188884e+58 -1.68856110e+58 -1.06874665e+56
  9.11649295e+63  1.26000000e+04  1.00000000e+02  2.00435562e+02]
mpciter: 16 xx is: [-8.21609546e+51 -6.65213518e+54 -1.12396486e+57 -6.90128944e+58
 -4.57631718e+61 -2.24555435e+63 -5.01429823e+62 -3.17372835e+60
  2.98729484e+68  1.35000000e+04  1.00000000e+02  2.00468360e+02]
mpciter: 17 xx is: [-2.42891274e+56 -1.96573048e+59 -3.32078590e+61 -2.03890659e+63
 -1.35200635e+66 -6.63415438e+67 -1.48139984e+67 -9.37635524e+64
  9.78877492e+72  1.44000000e+04  1.00000000e+02  2.00498797e+02]
mpciter: 18 xx is: [-7.13423181e+60 -5.77058345e+63 -9.74628234e+65 -5.98367416e+67
 -3.96774265e+70 -1.94692641e+72 -4.34746834e+71 -2.75169958e+69
  3.20758788e+77  1.53000000e+04  1.00000000e+02  2.00526974e+02]
mpciter: 19 xx is: [-2.07803017e+65 -1.67962791e+68 -2.83599429e+70 -1.74099898e+72
 -1.15442700e+75 -5.66462908e+76 -1.26490698e+76 -8.00620787e+73
  1.05106301e+82  1.62000000e+04  1.00000000e+02  2.00552980e+02]
mpciter: 20 xx is: [-5.98771188e+69 -4.83521699e+72 -8.16098062e+74 -5.00943500e+76
 -3.32159572e+79 -1.62986044e+81 -3.63946727e+80 -2.30362032e+78
  3.44412505e+86  1.71000000e+04  1.00000000e+02  2.00576888e+02]
mpciter: 21 xx is: [-1.70103480e+74 -1.37192022e+77 -2.31437953e+79 -1.42042642e+81
 -9.41810545e+83 -4.62131305e+85 -1.03193697e+85 -6.53179668e+82
  1.12857140e+91  1.80000000e+04  1.00000000e+02  2.00598761e+02]
mpciter: 22 xx is: [-4.74159344e+78 -3.81773178e+81 -6.43591103e+83 -3.94920068e+85
 -2.61839977e+88 -1.28479942e+90 -2.86895432e+89 -1.81598336e+87
  3.69810418e+95  1.89000000e+04  1.00000000e+02  2.00618652e+02]
mpciter: 23 xx is: [-1.28729225e+083 -1.03397826e+086 -1.74134841e+088 -1.06822623e+090
 -7.08213418e+092 -3.47504156e+094 -7.75977359e+093 -4.91190314e+091
  1.21179516e+100  1.98000000e+004  1.00000000e+002  2.00636607e+002]
mpciter: 24 xx is: [-3.36204601e+087 -2.69057402e+090 -4.52440561e+092 -2.77429707e+094
 -1.83913796e+097 -9.02411795e+098 -2.01509232e+098 -1.27560101e+096
  3.97081140e+104  2.07000000e+004  1.00000000e+002  2.00652663e+002]
mpciter: 25 xx is: [-8.25727759e+091 -6.56764136e+094 -1.10158121e+097 -6.74983443e+098
 -4.47391260e+101 -2.19517334e+103 -4.90186028e+102 -3.10322502e+100
  1.30115573e+109  2.16000000e+004  1.00000000e+002  2.00666849e+002]
mpciter: 26 xx is: [-1.81348759e+096 -1.42476044e+099 -2.37737341e+101 -1.45456096e+103
 -9.63805817e+105 -4.72881382e+107 -1.05596191e+107 -6.68600716e+104
  4.26362765e+113  2.25000000e+004  1.00000000e+002  2.00679190e+002]
mpciter: 27 xx is: [-3.04784267e+100 -2.30852826e+103 -3.79106433e+105 -2.30883262e+107
 -1.52834646e+110 -7.49766526e+111 -1.67430429e+111 -1.06062170e+109
  1.39710561e+118  2.34000000e+004  1.00000000e+002  2.00689703e+002]
mpciter: 28 xx is: [-5.66412456e+103  1.18573836e+106  5.97440131e+108  4.35486441e+110
  2.98438482e+113  1.47086938e+115  3.28139853e+114  2.04446943e+112
  4.57803569e+122  2.43000000e+004  1.00000000e+002  2.00698400e+002]
mpciter: 29 xx is: [2.89072724e+109 2.54841229e+112 4.44894064e+114 2.75644041e+116
 1.83130564e+119 8.98836549e+120 2.00698291e+120 1.26912233e+118
 1.50013066e+127 2.52000000e+004 1.00000000e+002 2.00705287e+002]
mpciter: 30 xx is: [8.68796276e+113 6.95286766e+116 1.16915433e+119 7.16901694e+120
 4.75247746e+123 2.33190246e+125 5.20715620e+124 3.29625626e+122
 4.91562788e+131 2.61000000e+004 1.00000000e+002 2.00712573e+002]
mpciter: 31 xx is: [6.13227535e+118 5.23870912e+121 9.03991494e+123 5.58320812e+125
 3.70687000e+128 1.81923156e+130 4.06218032e+129 2.56955910e+127
 1.61075278e+136 2.70000000e+004 1.00000000e+002 2.00717767e+002]
mpciter: 32 xx is: [3.04234966e+123 2.54439374e+126 4.35492029e+128 2.68362968e+130
 1.78090132e+133 8.73961697e+134 1.95150437e+134 1.23472075e+132
 5.27811384e+140 2.79000000e+004 1.00000000e+002 2.00721281e+002]
mpciter: 33 xx is: [1.40331445e+128 1.17073378e+131 2.00187587e+133 1.23328685e+135
 8.18383714e+137 4.01611554e+139 8.96776108e+138 5.67407473e+136
 1.72953194e+145 2.88000000e+004 1.00000000e+002 2.00722667e+002]
mpciter: 34 xx is: [5.50154950e+132 4.54099679e+135 7.73223169e+137 4.75799714e+139
 3.15652801e+142 1.54897440e+144 3.45879761e+143 2.18870966e+141
 5.66732868e+149 2.97000000e+004 1.00000000e+002 2.00722742e+002]
mpciter: 35 xx is: [2.26265931e+137 1.87608139e+140 3.20024744e+142 1.97024271e+144
 1.30722728e+147 6.41493033e+148 1.43242385e+148 9.06384209e+145
 1.85706961e+154 3.06000000e+004 1.00000000e+002 2.00719865e+002]
mpciter: 36 xx is: [9.06665113e+141 7.50043694e+144 1.27828059e+147 7.86779667e+148
 5.21989032e+151 2.56152775e+153 5.71978006e+152 3.61935608e+150
 6.08524311e+158 3.15000000e+004 1.00000000e+002 2.00713875e+002]
mpciter: 37 xx is: [3.52968679e+146 2.91464489e+149 4.96378145e+151 3.05458689e+153
 2.02647986e+156 9.94437432e+157 2.22053826e+157 1.40513862e+155
 1.99401144e+163 3.24000000e+004 1.00000000e+002 2.00704678e+002]
mpciter: 38 xx is: [1.34622516e+151 1.11020246e+154 1.88975361e+156 1.16273985e+158
 7.71363596e+160 3.78523201e+162 8.45227628e+161 5.34861083e+159
 6.53397281e+167 3.33000000e+004 1.00000000e+002 2.00692159e+002]
mpciter: 39 xx is: [-5.04823072e+156 -4.50260341e+159 -7.89362720e+161 -4.89622787e+163
 -3.25370148e+166 -1.59702646e+168 -3.56592128e+167 -2.25466023e+165
  2.14106521e+172  3.42000000e+004  1.00000000e+002  2.00939094e+002]
mpciter: 40 xx is: [2.40301535e+163 2.12952755e+166 3.72440975e+168 2.30844025e+170
 1.53361645e+173 7.52625749e+174 1.68070154e+174 1.06289583e+172
 7.00959013e+176 3.51000000e+004 1.00000000e+002 2.35394331e+002]
mpciter: 41 xx is: [1.41166413e+168 1.18798675e+171 2.03793901e+173 1.25640940e+175
 8.33694992e+177 4.09035973e+179 9.13523943e+178 5.78089334e+176
 2.29293785e+181 3.60000000e+004 1.00000000e+002 2.92766977e+002]
mpciter: 42 xx is: [7.19734685e+172 6.03525287e+175 1.03380791e+178 6.37035195e+179
 4.22617949e+182 2.07318816e+184 4.63067122e+183 2.93085310e+181
 7.49319006e+185 3.69000000e+004 1.00000000e+002 3.82069779e+002]
mpciter: 43 xx is: [3.63281696e+177 3.04508646e+180 5.21465581e+182 3.21257715e+184
 2.13082428e+187 1.04507572e+189 2.33465839e+188 1.47796605e+186
 2.44511559e+190 3.78000000e+004 1.00000000e+002 5.19009738e+002]
mpciter: 44 xx is: [9.77647926e+181 7.79270927e+184 1.30785409e+187 8.01257174e+188
 5.30884343e+191 2.60368762e+193 5.81610813e+192 3.68356181e+190
 7.98269504e+194 3.87000000e+004 1.00000000e+002 6.24029324e+002]
mpciter: 45 xx is: [3.98683730e+186 3.31450872e+189 5.65787452e+191 3.48250641e+193
 2.30940450e+196 1.13262066e+198 2.53026450e+197 1.60195784e+195
 2.60439209e+199 3.96000000e+004 1.00000000e+002 7.64045811e+002]
mpciter: 46 xx is: [1.56514931e+191 1.29199884e+194 2.19910273e+196 1.35238466e+198
 8.96578003e+200 4.39655926e+202 9.82279779e+201 6.22020518e+199
 8.48898459e+203 4.05000000e+004 1.00000000e+002 9.30622096e+002]
mpciter: 47 xx is: [5.51843211e+195 4.52178418e+198 7.67360609e+200 4.71494834e+202
 3.12512730e+205 1.53235877e+207 3.42374826e+206 2.16835200e+204
 2.76561949e+208 4.14000000e+004 1.00000000e+002 1.10919355e+003]
mpciter: 48 xx is: [2.15090957e+200 1.77722496e+203 3.02576848e+205 1.86061589e+207
 1.23329119e+210 6.04643883e+211 1.35111851e+211 8.55755027e+208
 9.00051967e+212 4.23000000e+004 1.00000000e+002 1.32490286e+003]
mpciter: 49 xx is: [6.68631659e+204 5.41877452e+207 9.15449350e+209 5.61736186e+211
 3.72192552e+214 1.82474973e+216 4.07737043e+215 2.58288588e+213
 2.92956759e+217 4.32000000e+004 1.00000000e+002 1.52589341e+003]
mpciter: 50 xx is: [2.81224558e+209 2.33805287e+212 3.98976103e+214 2.45458102e+216
 1.62687218e+219 7.97437575e+220 1.78223953e+220 1.12898965e+218
 9.51941816e+221 4.41000000e+004 1.00000000e+002 1.79461501e+003]
mpciter: 51 xx is: [8.40220574e+213 6.77739628e+216 1.14266557e+219 7.00683539e+220
 4.64132149e+223 2.27511288e+225 5.08433037e+224 3.22144113e+222
 3.09439618e+226 4.50000000e+004 1.00000000e+002 2.03074325e+003]
mpciter: 52 xx is: [2.90971553e+218 2.38708774e+221 4.05209444e+223 2.48935154e+225
 1.64947301e+228 8.08518298e+229 1.80695588e+229 1.14476896e+227
 1.00552647e+231 4.59000000e+004 1.00000000e+002 2.28825501e+003]
mpciter: 53 xx is: [8.48181732e+222 6.83884776e+225 1.15287115e+228 7.06937771e+229
 4.68291148e+232 2.29560185e+234 5.12993678e+233 3.25020493e+231
 3.26973255e+235 4.68000000e+004 1.00000000e+002 2.51295155e+003]
mpciter: 54 xx is: [2.49667002e+227 2.02014286e+230 3.41059061e+232 2.09238030e+234
 1.38627680e+237 6.79631939e+238 1.51865293e+238 9.62057771e+235
 1.06404725e+240 4.77000000e+004 1.00000000e+002 2.71756177e+003]
mpciter: 55 xx is: [9.13765928e+231 7.52581315e+234 1.27957851e+237 7.86498636e+238
 5.21237159e+241 2.55520016e+243 5.71019297e+242 3.61711579e+240
 3.46028086e+244 4.86000000e+004 1.00000000e+002 2.95374229e+003]
mpciter: 56 xx is: [2.89262664e+236 2.34906448e+239 3.97155375e+241 2.43735224e+243
 1.61483683e+246 7.91623980e+247 1.76902017e+247 1.12071505e+245
 1.12535607e+249 4.95000000e+004 1.00000000e+002 3.17874261e+003]
mpciter: 57 xx is: [1.01312024e+241 8.31229179e+243 1.41110886e+246 8.66941010e+247
 5.74472571e+250 2.81601281e+252 6.29326883e+251 3.98681192e+249
 3.65816284e+253 5.04000000e+004 1.00000000e+002 3.42460340e+003]
mpciter: 58 xx is: [2.87430236e+245 2.31136561e+248 3.89232727e+250 2.38617271e+252
 1.58065639e+255 7.74898339e+256 1.73155866e+256 1.09703263e+254
 1.19014559e+258 5.13000000e+004 1.00000000e+002 3.63261390e+003]
mpciter: 59 xx is: [1.03453632e+250 8.51585159e+252 1.44758824e+255 8.89704055e+256
 5.89620449e+259 2.89038884e+261 6.45931158e+260 4.09171682e+258
 3.86997158e+262 5.22000000e+004 1.00000000e+002 3.87092809e+003]
mpciter: 60 xx is: [2.49117260e+254 1.96634722e+257 3.28609016e+259 2.01040236e+261
 1.33134660e+264 6.52755043e+265 1.45843297e+265 9.24036024e+262
 1.26051938e+267 5.31000000e+004 1.00000000e+002 4.03616773e+003]
mpciter: 61 xx is: [6.73305528e+258 5.42113087e+261 9.13553346e+263 5.60274467e+265
 3.71253931e+268 1.82056039e+270 4.06724159e+269 2.57603401e+267
 4.11044014e+271 5.40000000e+004 1.00000000e+002 4.17748114e+003]
mpciter: 62 xx is: [1.84142599e+263 1.47986310e+266 2.49204802e+268 1.52815108e+270
 1.01264764e+273 4.96630257e+274 1.10941677e+274 7.02607773e+271
 1.34141720e+276 5.49000000e+004 1.00000000e+002 4.29559803e+003]
mpciter: 63 xx is: [4.65788177e+267 3.71378836e+270 6.23390390e+272 3.81954824e+274
 2.53086202e+277 1.24131963e+279 2.77272700e+278 1.75596281e+276
 4.38152538e+280 5.58000000e+004 1.00000000e+002 4.38598248e+003]
mpciter: 64 xx is: [1.20759525e+272 9.66712402e+274 1.62550262e+277 9.96497099e+278
 6.60403889e+281 3.23940333e+283 7.23536752e+282 4.58156088e+280
 1.43211833e+285 5.67000000e+004 1.00000000e+002 4.45814452e+003]
mpciter: 65 xx is: [3.62415444e+276 2.94150015e+279 4.97414439e+281 3.05426929e+283
 2.02486695e+286 9.93300048e+287 2.21852955e+287 1.40455337e+285
 4.68208742e+289 5.76000000e+004 1.00000000e+002 4.52581827e+003]
mpciter: 66 xx is: [5.64209385e+280 4.17570845e+283 6.78477545e+285 4.11878444e+287
 2.72431259e+290 1.33619261e+292 2.98419024e+291 1.89123635e+289
 1.53237675e+294 5.85000000e+004 1.00000000e+002 4.55361905e+003]
mpciter: 67 xx is: [8.69952477e+284 6.59916630e+287 1.08443564e+290 6.60545151e+291
 4.37246483e+294 2.14490246e+296 4.78999749e+295 3.03443302e+293
 5.01851532e+298 5.94000000e+004 1.00000000e+002 4.56723807e+003]
mpciter: 68 xx is: [2.99939330e+288 8.82183357e+290 4.26759782e+292 7.81262574e+293
 2.59203364e+296 1.09880467e+298 2.53497462e+297 2.47364504e+295
 1.64430694e+303 6.03000000e+004 1.00000000e+002 4.56722215e+003]
mpciter: 69 xx is: [1.35210378e+291 1.05479758e+294 1.77407484e+296 1.08921605e+298
 7.22326729e+300 3.54444611e+302 7.91467723e+301 5.00919820e+299
 5.38806119e+307 6.12000000e+004 1.00000000e+002 4.56720640e+003]
mpciter: 70 xx is: [           nan            nan            nan            nan
            nan            nan            nan            nan
            nan 62100.            99.99999997  4567.19079167]
mpciter: 71 xx is: [           nan            nan            nan            nan
            nan            nan            nan            nan
            nan 63000.            99.99999997  4567.17532551]
mpciter: 72 xx is: [           nan            nan            nan            nan
            nan            nan            nan            nan
            nan 63900.            99.99999997  4567.15999241]
mpciter: 73 xx is: [           nan            nan            nan            nan
            nan            nan            nan            nan
            nan 64800.            99.99999997  4567.14478582]
mpciter: 74 xx is: [           nan            nan            nan            nan
            nan            nan            nan            nan
            nan 65700.            99.99999997  4567.12969962]
mpciter: 75 xx is: [           nan            nan            nan            nan
            nan            nan            nan            nan
            nan 66600.            99.99999997  4567.1147282 ]
mpciter: 76 xx is: [           nan            nan            nan            nan
            nan            nan            nan            nan
            nan 67500.            99.99999997  4567.09986692]
mpciter: 77 xx is: [           nan            nan            nan            nan
            nan            nan            nan            nan
            nan 68400.            99.99999997  4567.085111  ]
mpciter: 78 xx is: [           nan            nan            nan            nan
            nan            nan            nan            nan
            nan 69300.            99.99999997  4567.07045673]
mpciter: 79 xx is: [           nan            nan            nan            nan
            nan            nan            nan            nan
            nan 70200.            99.99999997  4567.05590044]
mpciter: 80 xx is: [           nan            nan            nan            nan
            nan            nan            nan            nan
            nan 71100.            99.99999997  4567.04143892]
mpciter: 81 xx is: [           nan            nan            nan            nan
            nan            nan            nan            nan
            nan 72000.            99.99999997  4567.0270691 ]
mpciter: 82 xx is: [           nan            nan            nan            nan
            nan            nan            nan            nan
            nan 72900.            99.99999997  4567.0127885 ]
mpciter: 83 xx is: [           nan            nan            nan            nan
            nan            nan            nan            nan
            nan 73800.            99.99999997  4566.99859444]
mpciter: 84 xx is: [           nan            nan            nan            nan
            nan            nan            nan            nan
            nan 74700.            99.99999997  4566.98448529]
mpciter: 85 xx is: [           nan            nan            nan            nan
            nan            nan            nan            nan
            nan 75600.            99.99999997  4566.97045951]
mpciter: 86 xx is: [           nan            nan            nan            nan
            nan            nan            nan            nan
            nan 76500.            99.99999997  4566.95651531]
mpciter: 87 xx is: [           nan            nan            nan            nan
            nan            nan            nan            nan
            nan 77400.            99.99999997  4566.94265063]
mpciter: 88 xx is: [           nan            nan            nan            nan
            nan            nan            nan            nan
            nan 78300.            99.99999997  4566.92886401]
mpciter: 89 xx is: [           nan            nan            nan            nan
            nan            nan            nan            nan
            nan 79200.            99.99999997  4566.91515449]
mpciter: 90 xx is: [           nan            nan            nan            nan
            nan            nan            nan            nan
            nan 80100.            99.99999997  4566.90152034]
mpciter: 91 xx is: [           nan            nan            nan            nan
            nan            nan            nan            nan
            nan 81000.            99.99999997  4566.88732383]
mpciter: 92 xx is: [           nan            nan            nan            nan
            nan            nan            nan            nan
            nan 81900.            99.99999997  4566.87262432]
mpciter: 93 xx is: [           nan            nan            nan            nan
            nan            nan            nan            nan
            nan 82800.            99.99999997  4566.85747579]
mpciter: 94 xx is: [           nan            nan            nan            nan
            nan            nan            nan            nan
            nan 83700.            99.99999997  4566.84192699]
mpciter: 95 xx is: [           nan            nan            nan            nan
            nan            nan            nan            nan
            nan 84600.            99.99999997  4566.82602202]
mpciter: 96 xx is: [           nan            nan            nan            nan
            nan            nan            nan            nan
            nan 85500.            99.99999997  4566.80980045]
mpciter: 97 xx is: [           nan            nan            nan            nan
            nan            nan            nan            nan
            nan 86400.            99.99999997  4566.7932947 ]
mpciter: 98 xx is: [           nan            nan            nan            nan
            nan            nan            nan            nan
            nan 87300.            99.99999997  4566.77647265]
mpciter: 99 xx is: [           nan            nan            nan            nan
            nan            nan            nan            nan
            nan 88200.            99.99999997  4566.75936434]
mpciter: 100 xx is: [           nan            nan            nan            nan
            nan            nan            nan            nan
            nan 89100.            99.99999997  4566.74199701]
mpciter: 101 xx is: [           nan            nan            nan            nan
            nan            nan            nan            nan
            nan 90000.            99.99999997  4566.7243953 ]
mpciter: 102 xx is: [           nan            nan            nan            nan
            nan            nan            nan            nan
            nan 90900.            99.99999997  4566.70679358]
mpciter: 103 xx is: [           nan            nan            nan            nan
            nan            nan            nan            nan
            nan 91800.            99.99999997  4566.68919186]
mpciter: 104 xx is: [           nan            nan            nan            nan
            nan            nan            nan            nan
            nan 92700.            99.99999997  4566.67159015]
mpciter: 105 xx is: [           nan            nan            nan            nan
            nan            nan            nan            nan
            nan 93600.            99.99999997  4566.65398843]
mpciter: 106 xx is: [           nan            nan            nan            nan
            nan            nan            nan            nan
            nan 94500.            99.99999997  4566.63638671]
mpciter: 107 xx is: [           nan            nan            nan            nan
            nan            nan            nan            nan
            nan 95400.            99.99999997  4566.618785  ]
mpciter: 108 xx is: [           nan            nan            nan            nan
            nan            nan            nan            nan
            nan 96300.            99.99999997  4566.60118328]
mpciter: 109 xx is: [           nan            nan            nan            nan
            nan            nan            nan            nan
            nan 97200.            99.99999997  4566.58358156]
mpciter: 110 xx is: [           nan            nan            nan            nan
            nan            nan            nan            nan
            nan 98100.            99.99999997  4566.56597985]
mpciter: 111 xx is: [           nan            nan            nan            nan
            nan            nan            nan            nan
            nan 99000.            99.99999997  4566.54837813]
mpciter: 112 xx is: [           nan            nan            nan            nan
            nan            nan            nan            nan
            nan 99900.            99.99999997  4566.53077641]
mpciter: 113 xx is: [           nan            nan            nan            nan
            nan            nan            nan            nan
            nan 1.00800000e+05 1.00000000e+02 4.56651317e+03]
mpciter: 114 xx is: [           nan            nan            nan            nan
            nan            nan            nan            nan
            nan 1.01700000e+05 1.00000000e+02 4.56649557e+03]
mpciter: 115 xx is: [           nan            nan            nan            nan
            nan            nan            nan            nan
            nan 1.02600000e+05 1.00000000e+02 4.56647797e+03]
mpciter: 116 xx is: [           nan            nan            nan            nan
            nan            nan            nan            nan
            nan 1.03500000e+05 1.00000000e+02 4.56646037e+03]
mpciter: 117 xx is: [           nan            nan            nan            nan
            nan            nan            nan            nan
            nan 1.04400000e+05 1.00000000e+02 4.56644277e+03]
mpciter: 118 xx is: [           nan            nan            nan            nan
            nan            nan            nan            nan
            nan 1.05300000e+05 1.00000000e+02 4.56642517e+03]
mpciter: 119 xx is: [           nan            nan            nan            nan
            nan            nan            nan            nan
            nan 1.06200000e+05 1.00000000e+02 4.56640756e+03]
mpciter: 120 xx is: [           nan            nan            nan            nan
            nan            nan            nan            nan
            nan 1.07100000e+05 1.00000000e+02 4.56638996e+03]
mpciter: 121 xx is: [           nan            nan            nan            nan
            nan            nan            nan            nan
            nan 1.08000000e+05 1.00000000e+02 4.56637236e+03]
mpciter: 122 xx is: [           nan            nan            nan            nan
            nan            nan            nan            nan
            nan 1.08900000e+05 1.00000000e+02 4.56635476e+03]
mpciter: 123 xx is: [           nan            nan            nan            nan
            nan            nan            nan            nan
            nan 1.09800000e+05 1.00000000e+02 4.56633716e+03]
mpciter: 124 xx is: [           nan            nan            nan            nan
            nan            nan            nan            nan
            nan 1.10700000e+05 1.00000000e+02 4.56631956e+03]
mpciter: 125 xx is: [           nan            nan            nan            nan
            nan            nan            nan            nan
            nan 1.11600000e+05 1.00000000e+02 4.56630195e+03]
mpciter: 126 xx is: [           nan            nan            nan            nan
            nan            nan            nan            nan
            nan 1.12500000e+05 1.00000000e+02 4.56628435e+03]
mpciter: 127 xx is: [           nan            nan            nan            nan
            nan            nan            nan            nan
            nan 1.13400000e+05 1.00000000e+02 4.56626675e+03]
mpciter: 128 xx is: [           nan            nan            nan            nan
            nan            nan            nan            nan
            nan 1.14300000e+05 1.00000000e+02 4.56624915e+03]
mpciter: 129 xx is: [           nan            nan            nan            nan
            nan            nan            nan            nan
            nan 1.15200000e+05 1.00000000e+02 4.56623155e+03]
mpciter: 130 xx is: [           nan            nan            nan            nan
            nan            nan            nan            nan
            nan 1.16100000e+05 1.00000000e+02 4.56621395e+03]
mpciter: 131 xx is: [           nan            nan            nan            nan
            nan            nan            nan            nan
            nan 1.17000000e+05 1.00000000e+02 4.56619634e+03]
mpciter: 132 xx is: [           nan            nan            nan            nan
            nan            nan            nan            nan
            nan 1.17900000e+05 1.00000000e+02 4.56617874e+03]
mpciter: 133 xx is: [           nan            nan            nan            nan
            nan            nan            nan            nan
            nan 1.18800000e+05 1.00000000e+02 4.56616114e+03]
mpciter: 134 xx is: [           nan            nan            nan            nan
            nan            nan            nan            nan
            nan 1.19700000e+05 1.00000000e+02 4.56614354e+03]
mpciter: 135 xx is: [           nan            nan            nan            nan
            nan            nan            nan            nan
            nan 1.20600000e+05 1.00000000e+02 4.56612594e+03]
mpciter: 136 xx is: [           nan            nan            nan            nan
            nan            nan            nan            nan
            nan 1.21500000e+05 1.00000000e+02 4.56610834e+03]
mpciter: 137 xx is: [           nan            nan            nan            nan
            nan            nan            nan            nan
            nan 1.22400000e+05 1.00000000e+02 4.56609073e+03]
mpciter: 138 xx is: [           nan            nan            nan            nan
            nan            nan            nan            nan
            nan 1.23300000e+05 1.00000000e+02 4.56607313e+03]
mpciter: 139 xx is: [           nan            nan            nan            nan
            nan            nan            nan            nan
            nan 1.24200000e+05 1.00000000e+02 4.56605553e+03]
mpciter: 140 xx is: [           nan            nan            nan            nan
            nan            nan            nan            nan
            nan 1.25100000e+05 1.00000000e+02 4.56603793e+03]
mpciter: 141 xx is: [           nan            nan            nan            nan
            nan            nan            nan            nan
            nan 1.26000000e+05 1.00000000e+02 4.56602033e+03]
mpciter: 142 xx is: [           nan            nan            nan            nan
            nan            nan            nan            nan
            nan 1.26900000e+05 1.00000000e+02 4.56600272e+03]
mpciter: 143 xx is: [           nan            nan            nan            nan
            nan            nan            nan            nan
            nan 1.27800000e+05 1.00000000e+02 4.56598512e+03]
mpciter: 144 xx is: [           nan            nan            nan            nan
            nan            nan            nan            nan
            nan 1.28700000e+05 1.00000000e+02 4.56596752e+03]
mpciter: 145 xx is: [           nan            nan            nan            nan
            nan            nan            nan            nan
            nan 1.29600000e+05 1.00000000e+02 4.56594992e+03]
mpciter: 146 xx is: [           nan            nan            nan            nan
            nan            nan            nan            nan
            nan 1.30500000e+05 1.00000000e+02 4.56593232e+03]
mpciter: 147 xx is: [           nan            nan            nan            nan
            nan            nan            nan            nan
            nan 1.31400000e+05 1.00000000e+02 4.56591472e+03]
mpciter: 148 xx is: [           nan            nan            nan            nan
            nan            nan            nan            nan
            nan 1.32300000e+05 1.00000000e+02 4.56589711e+03]
mpciter: 149 xx is: [           nan            nan            nan            nan
            nan            nan            nan            nan
            nan 1.33200000e+05 1.00000000e+02 4.56587951e+03]
mpciter: 150 xx is: [           nan            nan            nan            nan
            nan            nan            nan            nan
            nan 1.34100000e+05 1.00000000e+02 4.56586191e+03]
mpciter: 151 xx is: [           nan            nan            nan            nan
            nan            nan            nan            nan
            nan 1.35000000e+05 1.00000000e+02 4.56584431e+03]
mpciter: 152 xx is: [           nan            nan            nan            nan
            nan            nan            nan            nan
            nan 1.35900000e+05 1.00000000e+02 4.56582671e+03]
mpciter: 153 xx is: [           nan            nan            nan            nan
            nan            nan            nan            nan
            nan 1.36800000e+05 1.00000000e+02 4.56580911e+03]
mpciter: 154 xx is: [          nan           nan           nan           nan           nan
           nan           nan           nan           nan 1.3770000e+05
 1.0000000e+02 4.5657915e+03]
mpciter: 155 xx is: [          nan           nan           nan           nan           nan
           nan           nan           nan           nan 1.3860000e+05
 1.0000000e+02 4.5657739e+03]
mpciter: 156 xx is: [          nan           nan           nan           nan           nan
           nan           nan           nan           nan 1.3950000e+05
 1.0000000e+02 4.5657563e+03]
mpciter: 157 xx is: [          nan           nan           nan           nan           nan
           nan           nan           nan           nan 1.4040000e+05
 1.0000000e+02 4.5657387e+03]
mpciter: 158 xx is: [          nan           nan           nan           nan           nan
           nan           nan           nan           nan 1.4130000e+05
 1.0000000e+02 4.5657211e+03]
mpciter: 159 xx is: [          nan           nan           nan           nan           nan
           nan           nan           nan           nan 1.4220000e+05
 1.0000000e+02 4.5657035e+03]
mpciter: 160 xx is: [           nan            nan            nan            nan
            nan            nan            nan            nan
            nan 1.43100000e+05 1.00000000e+02 4.56568589e+03]
mpciter: 161 xx is: [           nan            nan            nan            nan
            nan            nan            nan            nan
            nan 1.44000000e+05 1.00000000e+02 4.56566829e+03]
mpciter: 162 xx is: [           nan            nan            nan            nan
            nan            nan            nan            nan
            nan 1.44900000e+05 1.00000000e+02 4.56565069e+03]
mpciter: 163 xx is: [           nan            nan            nan            nan
            nan            nan            nan            nan
            nan 1.45800000e+05 1.00000000e+02 4.56563309e+03]
mpciter: 164 xx is: [           nan            nan            nan            nan
            nan            nan            nan            nan
            nan 1.46700000e+05 1.00000000e+02 4.56561549e+03]
mpciter: 165 xx is: [           nan            nan            nan            nan
            nan            nan            nan            nan
            nan 1.47600000e+05 1.00000000e+02 4.56559789e+03]
mpciter: 166 xx is: [           nan            nan            nan            nan
            nan            nan            nan            nan
            nan 1.48500000e+05 1.00000000e+02 4.56558028e+03]
mpciter: 167 xx is: [           nan            nan            nan            nan
            nan            nan            nan            nan
            nan 1.49400000e+05 1.00000000e+02 4.56556268e+03]
mpciter: 168 xx is: [           nan            nan            nan            nan
            nan            nan            nan            nan
            nan 1.50300000e+05 1.00000000e+02 4.56554508e+03]
mpciter: 169 xx is: [           nan            nan            nan            nan
            nan            nan            nan            nan
            nan 1.51200000e+05 1.00000000e+02 4.56552748e+03]
mpciter: 170 xx is: [           nan            nan            nan            nan
            nan            nan            nan            nan
            nan 1.52100000e+05 1.00000000e+02 4.56550988e+03]
mpciter: 171 xx is: [           nan            nan            nan            nan
            nan            nan            nan            nan
            nan 1.53000000e+05 1.00000000e+02 4.56549228e+03]
mpciter: 172 xx is: [           nan            nan            nan            nan
            nan            nan            nan            nan
            nan 1.53900000e+05 1.00000000e+02 4.56547467e+03]
mpciter: 173 xx is: [           nan            nan            nan            nan
            nan            nan            nan            nan
            nan 1.54800000e+05 1.00000000e+02 4.56545707e+03]
mpciter: 174 xx is: [           nan            nan            nan            nan
            nan            nan            nan            nan
            nan 1.55700000e+05 1.00000000e+02 4.56543947e+03]
mpciter: 175 xx is: [           nan            nan            nan            nan
            nan            nan            nan            nan
            nan 1.56600000e+05 1.00000000e+02 4.56542187e+03]
mpciter: 176 xx is: [           nan            nan            nan            nan
            nan            nan            nan            nan
            nan 1.57500000e+05 1.00000000e+02 4.56540427e+03]
mpciter: 177 xx is: [           nan            nan            nan            nan
            nan            nan            nan            nan
            nan 1.58400000e+05 1.00000000e+02 4.56538666e+03]
mpciter: 178 xx is: [           nan            nan            nan            nan
            nan            nan            nan            nan
            nan 1.59300000e+05 1.00000000e+02 4.56536906e+03]
mpciter: 179 xx is: [           nan            nan            nan            nan
            nan            nan            nan            nan
            nan 1.60200000e+05 1.00000000e+02 4.56535146e+03]
mpciter: 180 xx is: [           nan            nan            nan            nan
            nan            nan            nan            nan
            nan 1.61100000e+05 1.00000000e+02 4.56533386e+03]
mpciter: 181 xx is: [           nan            nan            nan            nan
            nan            nan            nan            nan
            nan 1.62000000e+05 1.00000000e+02 4.56531626e+03]
mpciter: 182 xx is: [           nan            nan            nan            nan
            nan            nan            nan            nan
            nan 1.62900000e+05 1.00000000e+02 4.56529866e+03]
mpciter: 183 xx is: [           nan            nan            nan            nan
            nan            nan            nan            nan
            nan 1.63800000e+05 1.00000000e+02 4.56528105e+03]
mpciter: 184 xx is: [           nan            nan            nan            nan
            nan            nan            nan            nan
            nan 1.64700000e+05 1.00000000e+02 4.56526345e+03]
mpciter: 185 xx is: [           nan            nan            nan            nan
            nan            nan            nan            nan
            nan 1.65600000e+05 1.00000000e+02 4.56524585e+03]
mpciter: 186 xx is: [           nan            nan            nan            nan
            nan            nan            nan            nan
            nan 1.66500000e+05 1.00000000e+02 4.56522825e+03]
mpciter: 187 xx is: [           nan            nan            nan            nan
            nan            nan            nan            nan
            nan 1.67400000e+05 1.00000000e+02 4.56521065e+03]
mpciter: 188 xx is: [           nan            nan            nan            nan
            nan            nan            nan            nan
            nan 1.68300000e+05 1.00000000e+02 4.56519305e+03]
mpciter: 189 xx is: [           nan            nan            nan            nan
            nan            nan            nan            nan
            nan 1.69200000e+05 1.00000000e+02 4.56517544e+03]
mpciter: 190 xx is: [           nan            nan            nan            nan
            nan            nan            nan            nan
            nan 1.70100000e+05 1.00000000e+02 4.56515784e+03]
