46.19048
54.57143
54.57143
54.57143
54.57143
1600.00000
2000.00000
0.00000
38333.33333
46.00000
54.53571
54.53571
54.53571
54.53571
1600.00000
2000.00000
0.00000
0.00000
46.19048
54.50000
54.50000
54.50000
54.50000
1600.00000
2000.00000
0.00000
0.00000
46.19048
54.46429
54.46429
54.46429
54.46429
1600.00000
2000.00000
0.00000
0.00000
46.19048
54.42857
54.42857
54.42857
54.42857
1600.00000
2000.00000
0.00000
0.00000
46.14286
54.69643
54.69643
54.69643
54.69643
1600.00000
2000.00000
0.00000
0.00000
46.09524
54.96429
54.96429
54.96429
54.96429
1600.00000
2000.00000
0.00000
0.00000
46.04762
55.23214
55.23214
55.23214
55.23214
1600.00000
2000.00000
0.00000
0.00000
46.00000
55.50000
55.50000
55.50000
55.50000
1600.00000
2000.00000
0.00000
0.00000
45.95833
55.66071
55.66071
55.66071
55.66071
1600.00000
2000.00000
0.00000
0.00000
45.91667
55.82143
55.82143
55.82143
55.82143
1600.00000
2000.00000
0.00000
0.00000
45.87500
55.98214
55.98214
55.98214
55.98214
1600.00000
2000.00000
0.00000
0.00000
45.83333
56.14286
56.14286
56.14286
56.14286
1600.00000
2000.00000
0.00000
0.00000
45.85119
56.21429
56.21429
56.21429
56.21429
1600.00000
2000.00000
0.00000
0.00000
45.86905
56.28571
56.28571
56.28571
56.28571
1600.00000
2000.00000
0.00000
0.00000
45.88690
56.35714
56.35714
56.35714
56.35714
1600.00000
2000.00000
0.00000
0.00000
45.90476
56.42857
56.42857
56.42857
56.42857
1600.00000
2000.00000
0.00000
0.00000
45.89286
56.44643
56.44643
56.44643
56.44643
1600.00000
2000.00000
0.00000
0.00000
45.88095
56.46429
56.46429
56.46429
56.46429
1600.00000
2000.00000
0.00000
0.00000
45.86905
56.48214
56.48214
56.48214
56.48214
1600.00000
2000.00000
0.00000
0.00000
45.85714
56.50000
56.50000
56.50000
56.50000
1600.00000
2000.00000
0.00000
0.00000
45.82143
56.70238
56.70238
56.70238
56.70238
1600.00000
2000.00000
0.00000
0.00000
45.78571
56.90476
56.90476
56.90476
56.90476
1600.00000
2000.00000
0.00000
0.00000
45.75000
57.10714
57.10714
57.10714
57.10714
1600.00000
2000.00000
0.00000
0.00000
45.71429
57.30952
57.30952
57.30952
57.30952
1600.00000
2000.00000
0.00000
0.00000
45.74405
57.28571
57.28571
57.28571
57.28571
1600.00000
2000.00000
0.00000
0.00000
45.77381
57.26190
57.26190
57.26190
57.26190
1600.00000
2000.00000
0.00000
0.00000
45.80357
57.23810
57.23810
57.23810
57.23810
1600.00000
2000.00000
0.00000
0.00000
45.83333
57.21429
57.21429
57.21429
57.21429
1600.00000
2000.00000
0.00000
0.00000
45.85119
57.35714
57.35714
57.35714
57.35714
1600.00000
2000.00000
0.00000
0.00000
45.86905
57.50000
57.50000
57.50000
57.50000
1600.00000
2000.00000
0.00000
0.00000
45.88690
57.64286
57.64286
57.64286
57.64286
1600.00000
2000.00000
0.00000
0.00000
45.90476
57.78571
57.78571
57.78571
57.78571
1600.00000
2000.00000
0.00000
0.00000
45.92857
57.32738
57.32738
57.32738
57.32738
1600.00000
2000.00000
0.00000
0.00000
45.95238
56.86905
56.86905
56.86905
56.86905
1600.00000
2000.00000
0.00000
0.00000
45.97619
56.41071
56.41071
56.41071
56.41071
1600.00000
2000.00000
0.00000
0.00000
46.00000
55.95238
55.95238
55.95238
55.95238
1600.00000
2000.00000
0.00000
0.00000
45.97619
55.37500
55.37500
55.37500
55.37500
1600.00000
2000.00000
0.00000
0.00000
45.95238
54.79762
54.79762
54.79762
54.79762
1600.00000
2000.00000
0.00000
0.00000
45.92857
54.22024
54.22024
54.22024
54.22024
1600.00000
2000.00000
0.00000
0.00000
45.90476
53.64286
53.64286
53.64286
53.64286
1600.00000
2000.00000
0.00000
0.00000
45.82143
53.00595
53.00595
53.00595
53.00595
1600.00000
2000.00000
0.00000
0.00000
45.73810
52.36905
52.36905
52.36905
52.36905
1600.00000
2000.00000
0.00000
0.00000
45.65476
51.73214
51.73214
51.73214
51.73214
1600.00000
2000.00000
0.00000
0.00000
45.57143
51.09524
51.09524
51.09524
51.09524
1600.00000
2000.00000
0.00000
0.00000
45.48214
50.63690
50.63690
50.63690
50.63690
1600.00000
2000.00000
0.00000
0.00000
45.39286
50.17857
50.17857
50.17857
50.17857
1600.00000
2000.00000
0.00000
0.00000
45.30357
49.72024
49.72024
49.72024
49.72024
1600.00000
2000.00000
0.00000
0.00000
45.21429
49.26190
49.26190
49.26190
49.26190
1600.00000
2000.00000
0.00000
0.00000
45.17262
48.83333
48.83333
48.83333
48.83333
1600.00000
2000.00000
0.00000
0.00000
45.13095
48.40476
48.40476
48.40476
48.40476
1600.00000
2000.00000
0.00000
0.00000
45.08929
47.97619
47.97619
47.97619
47.97619
1600.00000
2000.00000
0.00000
0.00000
45.04762
47.54762
47.54762
47.54762
47.54762
1600.00000
2000.00000
0.00000
0.00000
45.00000
47.46429
47.46429
47.46429
47.46429
1600.00000
2000.00000
0.00000
0.00000
44.95238
47.38095
47.38095
47.38095
47.38095
1600.00000
2000.00000
0.00000
0.00000
44.90476
47.29762
47.29762
47.29762
47.29762
1600.00000
2000.00000
0.00000
0.00000
44.85714
47.21429
47.21429
47.21429
47.21429
1600.00000
2000.00000
0.00000
0.00000
44.83929
47.10714
47.10714
47.10714
47.10714
1600.00000
2000.00000
0.00000
0.00000
44.82143
47.00000
47.00000
47.00000
47.00000
1600.00000
2000.00000
0.00000
0.00000
44.80357
46.89286
46.89286
46.89286
46.89286
1600.00000
2000.00000
0.00000
0.00000
44.78571
46.78571
46.78571
46.78571
46.78571
1600.00000
2000.00000
0.00000
0.00000
44.72024
47.34524
47.34524
47.34524
47.34524
1600.00000
2000.00000
0.00000
0.00000
44.65476
47.90476
47.90476
47.90476
47.90476
1600.00000
2000.00000
0.00000
0.00000
44.58929
48.46429
48.46429
48.46429
48.46429
1600.00000
2000.00000
0.00000
0.00000
44.52381
49.02381
49.02381
49.02381
49.02381
1600.00000
2000.00000
0.00000
0.00000
44.43452
49.72024
49.72024
49.72024
49.72024
1600.00000
2000.00000
0.00000
0.00000
44.34524
50.41667
50.41667
50.41667
50.41667
1600.00000
2000.00000
0.00000
0.00000
44.25595
51.11310
51.11310
51.11310
51.11310
1600.00000
2000.00000
0.00000
0.00000
44.16667
51.80952
51.80952
51.80952
51.80952
1600.00000
2000.00000
0.00000
0.00000
44.21429
52.22619
52.22619
52.22619
52.22619
1600.00000
2000.00000
0.00000
0.00000
44.26190
52.64286
52.64286
52.64286
52.64286
1600.00000
2000.00000
0.00000
0.00000
44.30952
53.05952
53.05952
53.05952
53.05952
1600.00000
2000.00000
0.00000
0.00000
44.35714
53.47619
53.47619
53.47619
53.47619
1600.00000
2000.00000
0.00000
0.00000
44.37500
53.86310
53.86310
53.86310
53.86310
1600.00000
2000.00000
0.00000
0.00000
44.39286
54.25000
54.25000
54.25000
54.25000
1600.00000
2000.00000
0.00000
0.00000
44.41071
54.63690
54.63690
54.63690
54.63690
1600.00000
2000.00000
0.00000
0.00000
44.42857
55.02381
55.02381
55.02381
55.02381
1600.00000
2000.00000
0.00000
0.00000
44.49405
55.35714
55.35714
55.35714
55.35714
1600.00000
2000.00000
0.00000
0.00000
44.55952
55.69048
55.69048
55.69048
55.69048
1600.00000
2000.00000
0.00000
0.00000
44.62500
56.02381
56.02381
56.02381
56.02381
1600.00000
2000.00000
0.00000
0.00000
44.69048
56.35714
56.35714
56.35714
56.35714
1600.00000
2000.00000
0.00000
0.00000
44.73214
56.52976
56.52976
56.52976
56.52976
1600.00000
2000.00000
0.00000
0.00000
44.77381
56.70238
56.70238
56.70238
56.70238
1600.00000
2000.00000
0.00000
0.00000
44.81548
56.87500
56.87500
56.87500
56.87500
1600.00000
2000.00000
0.00000
0.00000
44.85714
57.04762
57.04762
57.04762
57.04762
1600.00000
2000.00000
0.00000
0.00000
44.85714
57.17857
57.17857
57.17857
57.17857
1600.00000
2000.00000
0.00000
0.00000
44.85714
57.30952
57.30952
57.30952
57.30952
1600.00000
2000.00000
0.00000
0.00000
44.85714
57.44048
57.44048
57.44048
57.44048
1600.00000
2000.00000
0.00000
0.00000
44.85714
57.57143
57.57143
57.57143
57.57143
1600.00000
2000.00000
0.00000
0.00000
44.82143
57.76786
57.76786
57.76786
57.76786
1600.00000
2000.00000
0.00000
0.00000
44.78571
57.96429
57.96429
57.96429
57.96429
1600.00000
2000.00000
0.00000
0.00000
44.75000
58.16071
58.16071
58.16071
58.16071
1600.00000
2000.00000
0.00000
0.00000
44.71429
58.35714
58.35714
58.35714
58.35714
1600.00000
2000.00000
0.00000
0.00000
44.67857
58.36905
58.36905
58.36905
58.36905
1600.00000
2000.00000
0.00000
0.00000
44.64286
58.38095
58.38095
58.38095
58.38095
1600.00000
2000.00000
0.00000
0.00000
44.60714
58.39286
58.39286
58.39286
58.39286
1600.00000
2000.00000
0.00000
0.00000
44.57143
58.40476
58.40476
58.40476
58.40476
1600.00000
2000.00000
0.00000
0.00000
0.00000
0.00000
0.00000
-6.69990
0.00000
6774.28558
2.76731
0.15293
-8000.00000
-10000.00000
0.00000
0.00000
0.00000
0.00000
0.00000
-6.67490
0.00000
7005.65939
2.78780
0.15293
-8000.00000
-10000.00000
0.00000
0.00000
0.00000
0.00000
0.00000
-6.64990
0.00000
7237.03319
2.80010
0.15293
-8000.00000
-10000.00000
0.00000
0.00000
0.00000
0.00000
0.00000
-6.62490
0.00000
7468.40700
2.80010
0.15293
-8000.00000
-10000.00000
0.00000
0.00000
0.00000
0.00000
0.00000
-6.59990
0.00000
7699.78080
2.80010
0.16610
-8000.00000
-10000.00000
0.00000
0.00000
0.00000
0.00000
0.00000
-6.78740
0.00000
7919.40232
2.69559
0.16610
-8000.00000
-10000.00000
0.00000
0.00000
0.00000
0.00000
0.00000
-6.97490
0.00000
8139.02384
2.54190
0.16610
-8000.00000
-10000.00000
0.00000
0.00000
0.00000
0.00000
0.00000
-7.16240
0.00000
8358.64536
2.38821
0.16610
-8000.00000
-10000.00000
0.00000
0.00000
0.00000
0.00000
0.00000
-7.34990
0.00000
8578.26688
2.30010
0.16096
-8000.00000
-10000.00000
0.00000
0.00000
0.00000
0.00000
0.00000
-7.46240
0.00000
8727.95674
2.30010
0.16096
-8000.00000
-10000.00000
0.00000
0.00000
0.00000
0.00000
0.00000
-7.57490
0.00000
8877.64660
2.30010
0.16096
-8000.00000
-10000.00000
0.00000
0.00000
0.00000
0.00000
0.00000
-7.68740
0.00000
9027.33645
2.30010
0.16096
-8000.00000
-10000.00000
0.00000
0.00000
0.00000
0.00000
0.00000
-7.79990
0.00000
9177.02631
2.30010
0.16010
-8000.00000
-10000.00000
0.00000
0.00000
0.00000
0.00000
0.00000
-7.84990
0.00000
9296.41854
2.30010
0.16010
-8000.00000
-10000.00000
0.00000
0.00000
0.00000
0.00000
0.00000
-7.89990
0.00000
9415.81077
2.30010
0.16010
-8000.00000
-10000.00000
0.00000
0.00000
0.00000
0.00000
0.00000
-7.94990
0.00000
9535.20299
2.30010
0.16010
-8000.00000
-10000.00000
0.00000
0.00000
0.00000
0.00000
0.00000
-7.99990
0.00000
9654.59522
2.30010
0.15440
-8000.00000
-10000.00000
0.00000
0.00000
0.00000
0.00000
0.00000
-8.01240
0.00000
9728.63232
2.30010
0.15440
-8000.00000
-10000.00000
0.00000
0.00000
0.00000
0.00000
0.00000
-8.02490
0.00000
9802.66942
2.30010
0.15440
-8000.00000
-10000.00000
0.00000
0.00000
0.00000
0.00000
0.00000
-8.03740
0.00000
9876.70652
2.30010
0.15440
-8000.00000
-10000.00000
0.00000
0.00000
0.00000
0.00000
0.00000
-8.04990
0.00000
9950.74361
2.30010
0.16610
-8000.00000
-10000.00000
0.00000
0.00000
0.00000
0.00000
0.00000
-8.19157
0.00000
10094.20267
2.30010
0.16610
-8000.00000
-10000.00000
0.00000
0.00000
0.00000
0.00000
0.00000
-8.33323
0.00000
10237.66172
2.30010
0.16610
-8000.00000
-10000.00000
0.00000
0.00000
0.00000
0.00000
0.00000
-8.47490
0.00000
10381.12078
2.30010
0.16610
-8000.00000
-10000.00000
0.00000
0.00000
0.00000
0.00000
0.00000
-8.61657
0.00000
10524.57983
2.30010
0.18301
-8000.00000
-10000.00000
0.00000
0.00000
0.00000
0.00000
0.00000
-8.59990
0.00000
14848.89148
2.30010
0.18301
-8000.00000
-10000.00000
0.00000
0.00000
0.00000
0.00000
0.00000
-8.58323
0.00000
19173.20313
2.30010
0.18301
-8000.00000
-10000.00000
0.00000
0.00000
0.00000
0.00000
0.00000
-8.56657
0.00000
23497.51478
2.30010
0.18301
-8000.00000
-10000.00000
0.00000
0.00000
0.00000
0.00000
0.00000
-8.54990
0.00000
27821.82643
2.30010
0.21599
-8000.00000
-10000.00000
0.00000
0.00000
0.00000
0.00000
0.00000
-8.64990
0.00000
27492.87577
2.30010
0.21599
-8000.00000
-10000.00000
0.00000
0.00000
0.00000
0.00000
0.00000
-8.74990
0.00000
27163.92510
2.30010
0.21599
-8000.00000
-10000.00000
0.00000
0.00000
0.00000
0.00000
0.00000
-8.84990
0.00000
26834.97443
2.30010
0.21599
-8000.00000
-10000.00000
0.00000
0.00000
0.00000
0.00000
0.00000
-8.94990
0.00000
26506.02377
2.30010
0.23110
-8000.00000
-10000.00000
0.00000
0.00000
0.00000
0.00000
0.00000
-8.62907
0.00000
21904.11012
2.30010
0.23110
-8000.00000
-10000.00000
0.00000
0.00000
0.00000
0.00000
0.00000
-8.30823
0.00000
17302.19647
2.30010
0.23110
-8000.00000
-10000.00000
0.00000
0.00000
0.00000
0.00000
0.00000
-7.98740
0.00000
12700.28282
2.30010
0.23110
-8000.00000
-10000.00000
0.00000
0.00000
0.00000
0.00000
0.00000
-7.66657
0.00000
8098.36917
2.30010
0.22905
-8000.00000
-10000.00000
0.00000
0.00000
0.00000
0.00000
0.00000
-7.26240
0.00000
8164.35679
2.30625
0.22905
-8000.00000
-10000.00000
0.00000
0.00000
0.00000
0.00000
0.00000
-6.85823
0.00000
8230.34441
2.63753
0.22905
-8000.00000
-10000.00000
0.00000
0.00000
0.00000
0.00000
0.00000
-6.45407
0.00000
8296.33203
2.80010
0.22905
-8000.00000
-10000.00000
0.00000
0.00000
0.00000
0.00000
0.00000
-6.04990
0.00000
8362.31965
2.80010
0.21549
-8000.00000
-10000.00000
0.00000
0.00000
0.00000
0.00000
0.00000
-5.60407
0.00000
8193.90555
2.80010
0.21549
-8000.00000
-10000.00000
0.00000
0.00000
0.00000
0.00000
0.00000
-5.15823
0.00000
8025.49146
2.80010
0.21549
-8000.00000
-10000.00000
0.00000
0.00000
0.00000
0.00000
0.00000
-4.71240
0.00000
7857.07736
2.80010
0.21549
-8000.00000
-10000.00000
0.00000
0.00000
0.00000
0.00000
0.00000
-4.26657
0.00000
7688.66326
2.80010
0.20678
-8000.00000
-10000.00000
0.00000
0.00000
0.00000
0.00000
0.00000
-3.94573
0.00000
7669.76331
2.85937
0.20678
-8000.00000
-10000.00000
0.00000
0.00000
0.00000
0.00000
0.00000
-3.62490
0.00000
7650.86336
3.08531
0.20678
-8000.00000
-10000.00000
0.00000
0.00000
0.00000
0.00000
0.00000
-3.30407
0.00000
7631.96341
3.30010
0.20678
-8000.00000
-10000.00000
0.00000
0.00000
0.00000
0.00000
0.00000
-2.98323
0.00000
7613.06346
3.30010
0.18510
-8000.00000
-10000.00000
0.00000
0.00000
0.00000
0.00000
0.00000
-2.68323
0.00000
7529.91549
3.30010
0.18510
-8000.00000
-10000.00000
0.00000
0.00000
0.00000
0.00000
0.00000
-2.38323
0.00000
7446.76751
3.30010
0.18510
-8000.00000
-10000.00000
0.00000
0.00000
0.00000
0.00000
0.00000
-2.08323
0.00000
7363.61954
3.30010
0.18510
-8000.00000
-10000.00000
0.00000
0.00000
0.00000
0.00000
0.00000
-1.78323
0.00000
7280.47157
3.30010
0.16962
-8000.00000
-10000.00000
0.00000
0.00000
0.00000
0.00000
0.00000
-1.72490
0.00000
7237.45221
3.30010
0.16962
-8000.00000
-10000.00000
0.00000
0.00000
0.00000
0.00000
0.00000
-1.66657
0.00000
7194.43285
3.30010
0.16962
-8000.00000
-10000.00000
0.00000
0.00000
0.00000
0.00000
0.00000
-1.60823
0.00000
7151.41349
3.30010
0.16962
-8000.00000
-10000.00000
0.00000
0.00000
0.00000
0.00000
0.00000
-1.54990
0.00000
7108.39413
3.30010
0.16290
-8000.00000
-10000.00000
0.00000
0.00000
0.00000
0.00000
0.00000
-1.47490
0.00000
6875.85267
3.30010
0.16290
-8000.00000
-10000.00000
0.00000
0.00000
0.00000
0.00000
0.00000
-1.39990
0.00000
6643.31120
3.30010
0.16290
-8000.00000
-10000.00000
0.00000
0.00000
0.00000
0.00000
0.00000
-1.32490
0.00000
6410.76974
3.30010
0.16290
-8000.00000
-10000.00000
0.00000
0.00000
0.00000
0.00000
0.00000
-1.24990
0.00000
6178.22828
3.30010
0.16144
-8000.00000
-10000.00000
0.00000
0.00000
0.00000
0.00000
0.00000
-1.64157
0.00000
6614.02230
3.30010
0.16144
-8000.00000
-10000.00000
0.00000
0.00000
0.00000
0.00000
0.00000
-2.03323
0.00000
7049.81632
3.30010
0.16144
-8000.00000
-10000.00000
0.00000
0.00000
0.00000
0.00000
0.00000
-2.42490
0.00000
7485.61034
3.30010
0.16144
-8000.00000
-10000.00000
0.00000
0.00000
0.00000
0.00000
0.00000
-2.81657
0.00000
7921.40436
3.30010
0.19000
-8000.00000
-10000.00000
0.00000
0.00000
0.00000
0.00000
0.00000
-3.30407
0.00000
12543.25246
3.30010
0.19000
-8000.00000
-10000.00000
0.00000
0.00000
0.00000
0.00000
0.00000
-3.79157
0.00000
17165.10057
2.96794
0.19000
-8000.00000
-10000.00000
0.00000
0.00000
0.00000
0.00000
0.00000
-4.27907
0.00000
21786.94867
2.80010
0.19000
-8000.00000
-10000.00000
0.00000
0.00000
0.00000
0.00000
0.00000
-4.76657
0.00000
26408.79677
2.80010
0.17081
-8000.00000
-10000.00000
0.00000
0.00000
0.00000
0.00000
0.00000
-5.05823
0.00000
26206.67626
2.80010
0.17081
-8000.00000
-10000.00000
0.00000
0.00000
0.00000
0.00000
0.00000
-5.34990
0.00000
26004.55576
2.80010
0.17081
-8000.00000
-10000.00000
0.00000
0.00000
0.00000
0.00000
0.00000
-5.64157
0.00000
25802.43525
2.80010
0.17081
-8000.00000
-10000.00000
0.00000
0.00000
0.00000
0.00000
0.00000
-5.93323
0.00000
25600.31475
2.80010
0.14033
-8000.00000
-10000.00000
0.00000
0.00000
0.00000
0.00000
0.00000
-6.20407
0.00000
25478.26637
2.80010
0.14033
-8000.00000
-10000.00000
0.00000
0.00000
0.00000
0.00000
0.00000
-6.47490
0.00000
25356.21800
2.80010
0.14033
-8000.00000
-10000.00000
0.00000
0.00000
0.00000
0.00000
0.00000
-6.74573
0.00000
25234.16962
2.72974
0.14033
-8000.00000
-10000.00000
0.00000
0.00000
0.00000
0.00000
0.00000
-7.01657
0.00000
25112.12124
2.50775
0.10264
-8000.00000
-10000.00000
0.00000
0.00000
0.00000
0.00000
0.00000
-7.24990
0.00000
25081.42306
2.31649
0.10264
-8000.00000
-10000.00000
0.00000
0.00000
0.00000
0.00000
0.00000
-7.48323
0.00000
25050.72487
2.30010
0.10264
-8000.00000
-10000.00000
0.00000
0.00000
0.00000
0.00000
0.00000
-7.71657
0.00000
25020.02669
2.30010
0.10264
-8000.00000
-10000.00000
0.00000
0.00000
0.00000
0.00000
0.00000
-7.94990
0.00000
24989.32851
2.30010
0.10228
-8000.00000
-10000.00000
0.00000
0.00000
0.00000
0.00000
0.00000
-8.07073
0.00000
24917.08495
2.30010
0.10228
-8000.00000
-10000.00000
0.00000
0.00000
0.00000
0.00000
0.00000
-8.19157
0.00000
24844.84139
2.30010
0.10228
-8000.00000
-10000.00000
0.00000
0.00000
0.00000
0.00000
0.00000
-8.31240
0.00000
24772.59783
2.30010
0.10228
-8000.00000
-10000.00000
0.00000
0.00000
0.00000
0.00000
0.00000
-8.43323
0.00000
24700.35427
2.30010
0.10239
-8000.00000
-10000.00000
0.00000
0.00000
0.00000
0.00000
0.00000
-8.52490
0.00000
24630.24480
2.30010
0.10239
-8000.00000
-10000.00000
0.00000
0.00000
0.00000
0.00000
0.00000
-8.61657
0.00000
24560.13533
2.30010
0.10239
-8000.00000
-10000.00000
0.00000
0.00000
0.00000
0.00000
0.00000
-8.70823
0.00000
24490.02586
2.30010
0.10239
-8000.00000
-10000.00000
0.00000
0.00000
0.00000
0.00000
0.00000
-8.79990
0.00000
24419.91639
2.30010
0.09015
-8000.00000
-10000.00000
0.00000
0.00000
0.00000
0.00000
0.00000
-8.93740
0.00000
20127.98050
2.30010
0.09015
-8000.00000
-10000.00000
0.00000
0.00000
0.00000
0.00000
0.00000
-9.07490
0.00000
15836.04460
2.30010
0.09015
-8000.00000
-10000.00000
0.00000
0.00000
0.00000
0.00000
0.00000
-9.21240
0.00000
11544.10871
2.30010
0.09015
-8000.00000
-10000.00000
0.00000
0.00000
0.00000
0.00000
0.00000
-9.34990
0.00000
7252.17282
2.30010
0.08513
-8000.00000
-10000.00000
0.00000
0.00000
0.00000
0.00000
0.00000
-9.35823
0.00000
7602.26314
2.30010
0.08513
-8000.00000
-10000.00000
0.00000
0.00000
0.00000
0.00000
0.00000
-9.36657
0.00000
7952.35346
2.30010
0.08513
-8000.00000
-10000.00000
0.00000
0.00000
0.00000
0.00000
0.00000
-9.37490
0.00000
8302.44379
2.30010
0.08513
-8000.00000
-10000.00000
0.00000
0.00000
0.00000
0.00000
0.00000
0.00000
0.00000
0.00000
0.00000
0.00000
0.00000
0.00000
0.00000
0.00000
0.00000
0.00000
0.00000
0.00000
0.00000
0.00000
0.00000
0.00000
0.00000
0.00000
0.00000
0.00000
0.00000
0.00000
0.00000
0.00000
0.00000
0.00000
0.00000
0.00000
0.00000
0.00000
0.00000
0.00000
0.00000
0.00000
0.00000
0.00000
0.00000
0.00000
0.00000
0.00000
0.00000
0.00000
0.00000
0.00000
0.00000
0.00000
0.00000
0.00000
0.00000
0.00000
0.00000
0.00000
0.00000
0.00000
0.00000
0.00000
0.00000
0.00000
0.00000
0.00000
0.00000
0.00000
0.00000
0.00000
0.00000
0.00000
0.00000
0.00000
0.00000
0.00000
0.00000
0.00000
0.00000
0.00000
0.00000
0.00000
0.00000
0.00000
0.00000
0.00000
0.00000
0.00000
0.00000
0.00000
0.00000
0.00000
0.00000
0.00000
0.00000
0.00000
0.00000
0.00000
