0.00000
0.00009
0.00000
0.00000
0.00000
0.00000
0.00000
0.00000
0.00000
0.00000
0.00000
0.00000
0.00000
0.00000
0.00000
0.00000
0.00000
0.00000
0.00000
0.00000
0.00000
0.00000
0.00000
0.00000
0.00000
0.00000
0.00000
0.00000
0.00000
0.00000
0.00000
0.00000
0.00000
0.00000
0.00000
0.00000
0.00000
0.00000
0.00000
0.00000
0.00000
0.00000
0.00000
55.18630
110.96188
166.71708
222.45404
292.21562
361.59160
430.94195
500.55750
458.82289
417.01087
375.23656
333.47075
402.97521
472.40632
541.85563
611.24050
916.44865
1221.28316
1525.72200
1829.60741
1635.87832
1442.07988
1248.17646
1054.20068
901.57524
748.89552
596.22829
443.43858
332.46480
221.42626
110.21592
0.00000
0.00000
0.00000
0.00000
0.00000
0.00000
0.00000
0.00000
0.00000
0.00000
0.00000
0.00000
0.00000
0.00000
0.00000
0.00000
0.00000
0.00000
0.00000
0.00000
0.00000
0.00000
0.00000
0.00000
0.00000
0.00000
0.00000
0.00000
0.00000
0.00000
0.00000
0.00000
0.00000
0.00000
0.00000
0.00000
0.00000
0.00000
0.00000
0.00000
0.00000
0.00000
0.00000
0.00000
0.00000
0.00000
0.00000
0.00000
0.00000
0.00000
0.00000
0.00000
0.00000
0.00000
0.00000
0.00000
0.00000
0.00000
0.00000
0.00000
0.00000
0.00000
0.00000
0.00000
0.00000
0.00000
0.00000
0.00000
0.00000
425.93695
852.69360
1277.27025
1700.66679
1617.86896
1535.13886
1452.47074
1369.84783
1328.18074
1286.75626
1244.80232
1203.85516
1122.13632
1040.29699
958.39204
876.41201
986.40491
1096.22798
1206.45558
1316.60972
1208.14342
1099.42452
990.45159
881.35153
689.27799
496.67837
303.76101
109.89672
82.32126
54.46409
26.73603
0.00000
0.00000
0.00000
0.00000
0.00000
0.00000
0.00000
0.00000
0.00000
0.00000
0.00000
0.00000
0.00000
0.00000
0.00000
0.00000
0.00000
0.00000
0.00000
0.00000
0.00000
0.00000
0.00000
0.00000
0.00000
0.00000
0.00000
0.00000
0.00000
0.00000
0.00000
0.00000
0.00000
0.00000
0.00000
0.00000
0.00000
0.00000
0.00000
0.00000
0.00000
0.00000
0.00000
0.00000
0.00000
0.00000
0.00000
0.00000
0.00000
0.00000
0.00000
0.00000
0.00000
0.00000
0.00000
0.00000
0.00000
0.00000
0.00000
0.00000
0.00000
54.95499
109.80185
164.60604
219.27884
233.04300
246.34862
260.53453
274.26085
438.32242
602.91170
767.33437
931.73975
1095.94028
1259.99110
1424.13313
1587.53429
1561.20444
1534.86984
1508.03156
1481.20924
1700.55138
1919.76346
2139.07316
2358.01422
2057.66801
1756.94901
1455.39809
1153.90199
907.00089
659.79672
412.44739
164.41260
123.06276
81.71015
40.35872
0.00000
0.00000
0.00000
0.00000
0.00000
0.00000
0.00000
0.00000
0.00000
0.00000
0.00000
0.00000
0.00000
0.00000
0.00000
0.00000
0.00000
0.00000
0.00000
0.00000
0.00000
0.00000
0.00000
0.00000
0.00000
0.00000
0.00000
0.00000
0.00000
0.00000
0.00000
0.00000
0.00000
0.00000
0.00000
0.00000
0.00000
0.00000
0.00000
0.00000
0.00000
0.00000
0.00000
0.00000
0.00000
0.00000
0.00000
0.00000
0.00000
0.00000
0.00000
0.00000
0.00000
0.00000
0.00000
0.00000
0.00000
0.00000
0.00000
0.00000
0.00000
531.74852
1062.65418
1592.83981
2120.85200
2403.78612
2686.97200
2969.80685
3252.87420
3707.23602
4161.32202
4614.54697
5065.67420
5314.43663
5562.51949
5809.88804
6055.91400
5967.50431
5878.90256
5790.14391
5701.23464
5440.09344
5178.09902
4915.41464
4652.31009
4117.87074
3581.17952
3043.10160
2503.44430
2125.17178
1745.89770
1365.59950
984.30322
738.49363
492.31559
245.85711
0.00000
0.00000
0.00000
0.00000
0.00000
0.00000
0.00000
0.00000
0.00000
0.00000
0.00000
0.00000
0.00000
0.00000
0.00000
0.00000
0.00000
0.00000
0.00000
0.00000
0.00000
0.00000
0.00000
0.00000
0.00000
0.00000
0.00000
0.00000
0.00000
0.00000
0.00000
0.00000
0.00000
0.00000
0.00000
0.00000
0.00000
0.00000
0.00000
0.00000
0.00000
0.00000
0.00000
0.00000
0.00000
0.00000
0.00000
0.00000
0.00000
0.00000
0.00000
0.00000
0.00000
0.00000
0.00000
0.00000
0.00000
0.00000
0.00000
0.00000
0.00000
506.78080
1013.28459
1516.52151
2017.42738
2329.65761
2641.56263
2953.11370
3264.27821
3710.59671
4156.82469
4602.22344
5047.11728
4994.66421
4942.25031
4889.66393
4836.46303
4136.79435
3434.56320
2730.28954
2023.28992
2474.63893
2926.05896
3377.48410
3828.94582
3303.55554
2775.55185
2244.71819
1711.53383
1424.02695
1135.49292
845.93172
555.34337
416.79923
277.89399
138.62763
0.00000
0.00000
0.00000
0.00000
0.00000
0.00000
0.00000
0.00000
0.00000
0.00000
0.00000
0.00000
0.00000
0.00000
0.00000
0.00000
0.00000
0.00000
0.00000
0.00000
