70.00000
70.00000
70.00000
70.00000
inf
16000.00000
20000.00000
0.00000
40000.00000
70.00000
70.00000
70.00000
70.00000
inf
16000.00000
20000.00000
0.00000
0.00000
70.00000
70.00000
70.00000
70.00000
inf
16000.00000
20000.00000
0.00000
0.00000
70.00000
70.00000
70.00000
70.00000
inf
16000.00000
20000.00000
0.00000
0.00000
70.00000
70.00000
70.00000
70.00000
inf
16000.00000
20000.00000
0.00000
0.00000
70.00000
70.00000
70.00000
70.00000
inf
16000.00000
20000.00000
0.00000
0.00000
70.00000
70.00000
70.00000
70.00000
inf
16000.00000
20000.00000
0.00000
0.00000
70.00000
70.00000
70.00000
70.00000
inf
16000.00000
20000.00000
0.00000
0.00000
70.00000
70.00000
70.00000
70.00000
inf
16000.00000
20000.00000
0.00000
0.00000
70.00000
70.00000
70.00000
70.00000
inf
16000.00000
20000.00000
0.00000
0.00000
70.00000
70.00000
70.00000
70.00000
inf
16000.00000
20000.00000
0.00000
0.00000
70.00000
70.00000
70.00000
70.00000
inf
16000.00000
20000.00000
0.00000
0.00000
70.00000
70.00000
70.00000
70.00000
inf
16000.00000
20000.00000
0.00000
0.00000
70.00000
70.00000
70.00000
70.00000
inf
16000.00000
20000.00000
0.00000
0.00000
70.00000
70.00000
70.00000
70.00000
inf
16000.00000
20000.00000
0.00000
0.00000
70.00000
70.00000
70.00000
70.00000
inf
16000.00000
20000.00000
0.00000
0.00000
70.00000
70.00000
70.00000
70.00000
inf
16000.00000
20000.00000
0.00000
0.00000
70.00000
70.00000
70.00000
70.00000
inf
16000.00000
20000.00000
0.00000
0.00000
70.00000
70.00000
70.00000
70.00000
inf
16000.00000
20000.00000
0.00000
0.00000
70.00000
70.00000
70.00000
70.00000
inf
16000.00000
20000.00000
0.00000
0.00000
70.00000
70.00000
70.00000
70.00000
inf
16000.00000
20000.00000
0.00000
0.00000
70.00000
70.00000
70.00000
70.00000
inf
16000.00000
20000.00000
0.00000
0.00000
70.00000
70.00000
70.00000
70.00000
inf
16000.00000
20000.00000
0.00000
0.00000
70.00000
70.00000
70.00000
70.00000
inf
16000.00000
20000.00000
0.00000
0.00000
70.00000
70.00000
70.00000
70.00000
inf
16000.00000
20000.00000
0.00000
0.00000
70.00000
70.00000
70.00000
70.00000
inf
16000.00000
20000.00000
0.00000
0.00000
70.00000
70.00000
70.00000
70.00000
inf
16000.00000
20000.00000
0.00000
0.00000
70.00000
70.00000
70.00000
70.00000
inf
16000.00000
20000.00000
0.00000
0.00000
70.00000
70.00000
70.00000
70.00000
inf
16000.00000
20000.00000
0.00000
0.00000
70.00000
70.00000
70.00000
70.00000
inf
16000.00000
20000.00000
0.00000
0.00000
70.00000
70.00000
70.00000
70.00000
inf
16000.00000
20000.00000
0.00000
0.00000
70.00000
70.00000
70.00000
70.00000
inf
16000.00000
20000.00000
0.00000
0.00000
70.00000
70.00000
70.00000
70.00000
inf
16000.00000
20000.00000
0.00000
0.00000
70.00000
70.00000
70.00000
70.00000
inf
16000.00000
20000.00000
0.00000
0.00000
70.00000
70.00000
70.00000
70.00000
inf
16000.00000
20000.00000
0.00000
0.00000
70.00000
70.00000
70.00000
70.00000
inf
16000.00000
20000.00000
0.00000
0.00000
70.00000
70.00000
70.00000
70.00000
inf
16000.00000
20000.00000
0.00000
0.00000
70.00000
70.00000
70.00000
70.00000
inf
16000.00000
20000.00000
0.00000
0.00000
70.00000
70.00000
70.00000
70.00000
inf
16000.00000
20000.00000
0.00000
0.00000
70.00000
70.00000
70.00000
70.00000
inf
16000.00000
20000.00000
0.00000
0.00000
70.00000
70.00000
70.00000
70.00000
inf
16000.00000
20000.00000
0.00000
0.00000
70.00000
70.00000
70.00000
70.00000
inf
16000.00000
20000.00000
0.00000
0.00000
70.00000
70.00000
70.00000
70.00000
inf
16000.00000
20000.00000
0.00000
0.00000
70.00000
70.00000
70.00000
70.00000
inf
16000.00000
20000.00000
0.00000
0.00000
70.00000
70.00000
70.00000
70.00000
inf
16000.00000
20000.00000
0.00000
0.00000
70.00000
70.00000
70.00000
70.00000
inf
16000.00000
20000.00000
0.00000
0.00000
70.00000
70.00000
70.00000
70.00000
inf
16000.00000
20000.00000
0.00000
0.00000
70.00000
70.00000
70.00000
70.00000
inf
16000.00000
20000.00000
0.00000
0.00000
70.00000
70.00000
70.00000
70.00000
inf
16000.00000
20000.00000
0.00000
0.00000
70.00000
70.00000
70.00000
70.00000
inf
16000.00000
20000.00000
0.00000
0.00000
70.00000
70.00000
70.00000
70.00000
inf
16000.00000
20000.00000
0.00000
0.00000
70.00000
70.00000
70.00000
70.00000
inf
16000.00000
20000.00000
0.00000
0.00000
70.00000
70.00000
70.00000
70.00000
inf
16000.00000
20000.00000
0.00000
0.00000
70.00000
70.00000
70.00000
70.00000
inf
16000.00000
20000.00000
0.00000
0.00000
70.00000
70.00000
70.00000
70.00000
inf
16000.00000
20000.00000
0.00000
0.00000
70.00000
70.00000
70.00000
70.00000
inf
16000.00000
20000.00000
0.00000
0.00000
70.00000
70.00000
70.00000
70.00000
inf
16000.00000
20000.00000
0.00000
0.00000
70.00000
70.00000
70.00000
70.00000
inf
16000.00000
20000.00000
0.00000
0.00000
70.00000
70.00000
70.00000
70.00000
inf
16000.00000
20000.00000
0.00000
0.00000
70.00000
70.00000
70.00000
70.00000
inf
16000.00000
20000.00000
0.00000
0.00000
70.00000
70.00000
70.00000
70.00000
inf
16000.00000
20000.00000
0.00000
0.00000
70.00000
70.00000
70.00000
70.00000
inf
16000.00000
20000.00000
0.00000
0.00000
70.00000
70.00000
70.00000
70.00000
inf
16000.00000
20000.00000
0.00000
0.00000
70.00000
70.00000
70.00000
70.00000
inf
16000.00000
20000.00000
0.00000
0.00000
70.00000
70.00000
70.00000
70.00000
inf
16000.00000
20000.00000
0.00000
0.00000
70.00000
70.00000
70.00000
70.00000
inf
16000.00000
20000.00000
0.00000
0.00000
70.00000
70.00000
70.00000
70.00000
inf
16000.00000
20000.00000
0.00000
0.00000
70.00000
70.00000
70.00000
70.00000
inf
16000.00000
20000.00000
0.00000
0.00000
70.00000
70.00000
70.00000
70.00000
inf
16000.00000
20000.00000
0.00000
0.00000
70.00000
70.00000
70.00000
70.00000
inf
16000.00000
20000.00000
0.00000
0.00000
70.00000
70.00000
70.00000
70.00000
inf
16000.00000
20000.00000
0.00000
0.00000
70.00000
70.00000
70.00000
70.00000
inf
16000.00000
20000.00000
0.00000
0.00000
70.00000
70.00000
70.00000
70.00000
inf
16000.00000
20000.00000
0.00000
0.00000
70.00000
70.00000
70.00000
70.00000
inf
16000.00000
20000.00000
0.00000
0.00000
70.00000
70.00000
70.00000
70.00000
inf
16000.00000
20000.00000
0.00000
0.00000
70.00000
70.00000
70.00000
70.00000
inf
16000.00000
20000.00000
0.00000
0.00000
70.00000
70.00000
70.00000
70.00000
inf
16000.00000
20000.00000
0.00000
0.00000
70.00000
70.00000
70.00000
70.00000
inf
16000.00000
20000.00000
0.00000
0.00000
70.00000
70.00000
70.00000
70.00000
inf
16000.00000
20000.00000
0.00000
0.00000
70.00000
70.00000
70.00000
70.00000
inf
16000.00000
20000.00000
0.00000
0.00000
70.00000
70.00000
70.00000
70.00000
inf
16000.00000
20000.00000
0.00000
0.00000
70.00000
70.00000
70.00000
70.00000
inf
16000.00000
20000.00000
0.00000
0.00000
70.00000
70.00000
70.00000
70.00000
inf
16000.00000
20000.00000
0.00000
0.00000
70.00000
70.00000
70.00000
70.00000
inf
16000.00000
20000.00000
0.00000
0.00000
70.00000
70.00000
70.00000
70.00000
inf
16000.00000
20000.00000
0.00000
0.00000
70.00000
70.00000
70.00000
70.00000
inf
16000.00000
20000.00000
0.00000
0.00000
70.00000
70.00000
70.00000
70.00000
inf
16000.00000
20000.00000
0.00000
0.00000
70.00000
70.00000
70.00000
70.00000
inf
16000.00000
20000.00000
0.00000
0.00000
70.00000
70.00000
70.00000
70.00000
inf
16000.00000
20000.00000
0.00000
0.00000
70.00000
70.00000
70.00000
70.00000
inf
16000.00000
20000.00000
0.00000
0.00000
70.00000
70.00000
70.00000
70.00000
inf
16000.00000
20000.00000
0.00000
0.00000
70.00000
70.00000
70.00000
70.00000
inf
16000.00000
20000.00000
0.00000
0.00000
70.00000
70.00000
70.00000
70.00000
inf
16000.00000
20000.00000
0.00000
0.00000
70.00000
70.00000
70.00000
70.00000
inf
16000.00000
20000.00000
0.00000
0.00000
70.00000
70.00000
70.00000
70.00000
inf
16000.00000
20000.00000
0.00000
0.00000
70.00000
70.00000
70.00000
70.00000
inf
16000.00000
20000.00000
0.00000
0.00000
70.00000
70.00000
70.00000
70.00000
inf
16000.00000
20000.00000
0.00000
0.00000
10000.00000
0.00000
1.00000
-6.69980
0.00000
6774.28568
2.76741
0.15303
8000.00000
10000.00000
0.00000
0.00000
10000.00000
0.00000
1.00000
-6.67480
0.00000
7005.65949
2.78790
0.15303
8000.00000
10000.00000
0.00000
0.00000
10000.00000
0.00000
1.00000
-6.64980
0.00000
7237.03329
2.80020
0.15303
8000.00000
10000.00000
0.00000
0.00000
10000.00000
0.00000
1.00000
-6.62480
0.00000
7468.40710
2.80020
0.15303
8000.00000
10000.00000
0.00000
0.00000
10000.00000
0.00000
1.00000
-6.59980
0.00000
7699.78090
2.80020
0.16620
8000.00000
10000.00000
0.00000
0.00000
10000.00000
0.00000
1.00000
-6.78730
0.00000
7919.40242
2.69569
0.16620
8000.00000
10000.00000
0.00000
0.00000
10000.00000
0.00000
1.00000
-6.97480
0.00000
8139.02394
2.54200
0.16620
8000.00000
10000.00000
0.00000
0.00000
10000.00000
0.00000
1.00000
-7.16230
0.00000
8358.64546
2.38831
0.16620
8000.00000
10000.00000
0.00000
0.00000
10000.00000
0.00000
1.00000
-7.34980
0.00000
8578.26698
2.30020
0.16106
8000.00000
10000.00000
0.00000
0.00000
10000.00000
0.00000
1.00000
-7.46230
0.00000
8727.95684
2.30020
0.16106
8000.00000
10000.00000
0.00000
0.00000
10000.00000
0.00000
1.00000
-7.57480
0.00000
8877.64670
2.30020
0.16106
8000.00000
10000.00000
0.00000
0.00000
10000.00000
0.00000
1.00000
-7.68730
0.00000
9027.33655
2.30020
0.16106
8000.00000
10000.00000
0.00000
0.00000
10000.00000
0.00000
1.00000
-7.79980
0.00000
9177.02641
2.30020
0.16020
8000.00000
10000.00000
0.00000
0.00000
10000.00000
0.00000
1.00000
-7.84980
0.00000
9296.41864
2.30020
0.16020
8000.00000
10000.00000
0.00000
0.00000
10000.00000
0.00000
1.00000
-7.89980
0.00000
9415.81087
2.30020
0.16020
8000.00000
10000.00000
0.00000
0.00000
10000.00000
0.00000
1.00000
-7.94980
0.00000
9535.20309
2.30020
0.16020
8000.00000
10000.00000
0.00000
0.00000
10000.00000
0.00000
1.00000
-7.99980
0.00000
9654.59532
2.30020
0.15450
8000.00000
10000.00000
0.00000
0.00000
10000.00000
0.00000
1.00000
-8.01230
0.00000
9728.63242
2.30020
0.15450
8000.00000
10000.00000
0.00000
0.00000
10000.00000
0.00000
1.00000
-8.02480
0.00000
9802.66952
2.30020
0.15450
8000.00000
10000.00000
0.00000
0.00000
10000.00000
0.00000
1.00000
-8.03730
0.00000
9876.70662
2.30020
0.15450
8000.00000
10000.00000
0.00000
0.00000
10000.00000
0.00000
1.00000
-8.04980
0.00000
9950.74371
2.30020
0.16620
8000.00000
10000.00000
0.00000
0.00000
10000.00000
0.00000
1.00000
-8.19147
0.00000
10094.20277
2.30020
0.16620
8000.00000
10000.00000
0.00000
0.00000
10000.00000
0.00000
1.00000
-8.33313
0.00000
10237.66182
2.30020
0.16620
8000.00000
10000.00000
0.00000
0.00000
10000.00000
0.00000
1.00000
-8.47480
0.00000
10381.12088
2.30020
0.16620
8000.00000
10000.00000
0.00000
0.00000
10000.00000
0.00000
1.00000
-8.61647
0.00000
10524.57993
2.30020
0.18311
8000.00000
10000.00000
0.00000
0.00000
10000.00000
0.00000
1.00000
-8.59980
0.00000
14848.89158
2.30020
0.18311
8000.00000
10000.00000
0.00000
0.00000
10000.00000
0.00000
1.00000
-8.58313
0.00000
19173.20323
2.30020
0.18311
8000.00000
10000.00000
0.00000
0.00000
10000.00000
0.00000
1.00000
-8.56647
0.00000
23497.51488
2.30020
0.18311
8000.00000
10000.00000
0.00000
0.00000
10000.00000
0.00000
1.00000
-8.54980
0.00000
27821.82653
2.30020
0.21609
8000.00000
10000.00000
0.00000
0.00000
10000.00000
0.00000
1.00000
-8.64980
0.00000
27492.87587
2.30020
0.21609
8000.00000
10000.00000
0.00000
0.00000
10000.00000
0.00000
1.00000
-8.74980
0.00000
27163.92520
2.30020
0.21609
8000.00000
10000.00000
0.00000
0.00000
10000.00000
0.00000
1.00000
-8.84980
0.00000
26834.97453
2.30020
0.21609
8000.00000
10000.00000
0.00000
0.00000
10000.00000
0.00000
1.00000
-8.94980
0.00000
26506.02387
2.30020
0.23120
8000.00000
10000.00000
0.00000
0.00000
10000.00000
0.00000
1.00000
-8.62897
0.00000
21904.11022
2.30020
0.23120
8000.00000
10000.00000
0.00000
0.00000
10000.00000
0.00000
1.00000
-8.30813
0.00000
17302.19657
2.30020
0.23120
8000.00000
10000.00000
0.00000
0.00000
10000.00000
0.00000
1.00000
-7.98730
0.00000
12700.28292
2.30020
0.23120
8000.00000
10000.00000
0.00000
0.00000
10000.00000
0.00000
1.00000
-7.66647
0.00000
8098.36927
2.30020
0.22915
8000.00000
10000.00000
0.00000
0.00000
10000.00000
0.00000
1.00000
-7.26230
0.00000
8164.35689
2.30635
0.22915
8000.00000
10000.00000
0.00000
0.00000
10000.00000
0.00000
1.00000
-6.85813
0.00000
8230.34451
2.63763
0.22915
8000.00000
10000.00000
0.00000
0.00000
10000.00000
0.00000
1.00000
-6.45397
0.00000
8296.33213
2.80020
0.22915
8000.00000
10000.00000
0.00000
0.00000
10000.00000
0.00000
1.00000
-6.04980
0.00000
8362.31975
2.80020
0.21559
8000.00000
10000.00000
0.00000
0.00000
10000.00000
338.69472
1.00000
-5.60397
338.69472
8193.90565
2.80020
0.21559
8000.00000
10000.00000
0.00000
0.00000
10000.00000
675.75805
1.00000
-5.15813
675.75805
8025.49156
2.80020
0.21559
8000.00000
10000.00000
0.00000
0.00000
10000.00000
1011.19000
1.00000
-4.71230
1011.19000
7857.07746
2.80020
0.21559
8000.00000
10000.00000
0.00000
0.00000
10000.00000
1344.99057
1.00000
-4.26647
1344.99057
7688.66336
2.80020
0.20688
8000.00000
10000.00000
0.00000
0.00000
10000.00000
2151.19284
1.00000
-3.94563
2151.19284
7669.76341
2.85947
0.20688
8000.00000
10000.00000
0.00000
0.00000
10000.00000
2952.57721
1.00000
-3.62480
2952.57721
7650.86346
3.08541
0.20688
8000.00000
10000.00000
0.00000
0.00000
10000.00000
3749.14367
1.00000
-3.30397
3749.14367
7631.96351
3.30020
0.20688
8000.00000
10000.00000
0.00000
0.00000
10000.00000
4540.89222
1.00000
-2.98313
4540.89222
7613.06356
3.30020
0.18520
8000.00000
10000.00000
0.00000
0.00000
10000.00000
4576.67962
1.00000
-2.68313
4576.67962
7529.91559
3.30020
0.18520
8000.00000
10000.00000
0.00000
0.00000
10000.00000
4612.36288
1.00000
-2.38313
4612.36288
7446.76761
3.30020
0.18520
8000.00000
10000.00000
0.00000
0.00000
10000.00000
4647.94200
1.00000
-2.08313
4647.94200
7363.61964
3.30020
0.18520
8000.00000
10000.00000
0.00000
0.00000
10000.00000
4683.41697
1.00000
-1.78313
4683.41697
7280.47167
3.30020
0.16972
8000.00000
10000.00000
0.00000
0.00000
10000.00000
5022.81761
1.00000
-1.72480
5022.81761
7237.45231
3.30020
0.16972
8000.00000
10000.00000
0.00000
0.00000
10000.00000
5361.53768
1.00000
-1.66647
5361.53768
7194.43295
3.30020
0.16972
8000.00000
10000.00000
0.00000
0.00000
10000.00000
5699.57715
1.00000
-1.60813
5699.57715
7151.41359
3.30020
0.16972
8000.00000
10000.00000
0.00000
0.00000
10000.00000
6036.93605
1.00000
-1.54980
6036.93605
7108.39423
3.30020
0.16300
8000.00000
10000.00000
0.00000
0.00000
10000.00000
6129.86729
1.00000
-1.47480
6129.86729
6875.85277
3.30020
0.16300
8000.00000
10000.00000
0.00000
0.00000
10000.00000
6222.70111
1.00000
-1.39980
6222.70111
6643.31130
3.30020
0.16300
8000.00000
10000.00000
0.00000
0.00000
10000.00000
6315.43748
1.00000
-1.32480
6315.43748
6410.76984
3.30020
0.16300
8000.00000
10000.00000
0.00000
0.00000
10000.00000
6408.07643
1.00000
-1.24980
6408.07643
6178.22838
3.30020
0.16154
8000.00000
10000.00000
0.00000
0.00000
10000.00000
5998.47445
1.00000
-1.64147
5998.47445
6614.02240
3.30020
0.16154
8000.00000
10000.00000
0.00000
0.00000
10000.00000
5586.76353
1.00000
-2.03313
5586.76353
7049.81642
3.30020
0.16154
8000.00000
10000.00000
0.00000
0.00000
10000.00000
5172.94367
1.00000
-2.42480
5172.94367
7485.61044
3.30020
0.16154
8000.00000
10000.00000
0.00000
0.00000
10000.00000
4757.01487
1.00000
-2.81647
4757.01487
7921.40446
3.30020
0.19010
8000.00000
10000.00000
0.00000
0.00000
10000.00000
4258.15295
1.00000
-3.30397
4258.15295
12543.25256
3.30020
0.19010
8000.00000
10000.00000
0.00000
0.00000
10000.00000
3756.20720
1.00000
-3.79147
3756.20720
17165.10067
2.96804
0.19010
8000.00000
10000.00000
0.00000
0.00000
10000.00000
3251.17760
1.00000
-4.27897
3251.17760
21786.94877
2.80020
0.19010
8000.00000
10000.00000
0.00000
0.00000
10000.00000
2743.06418
1.00000
-4.76647
2743.06418
26408.79687
2.80020
0.17091
8000.00000
10000.00000
0.00000
0.00000
10000.00000
2188.31299
1.00000
-5.05813
2188.31299
26206.67636
2.80020
0.17091
8000.00000
10000.00000
0.00000
0.00000
10000.00000
1630.96805
1.00000
-5.34980
1630.96805
26004.55586
2.80020
0.17091
8000.00000
10000.00000
0.00000
0.00000
10000.00000
1071.02935
1.00000
-5.64147
1071.02935
25802.43535
2.80020
0.17091
8000.00000
10000.00000
0.00000
0.00000
10000.00000
508.49688
1.00000
-5.93313
508.49688
25600.31485
2.80020
0.14043
8000.00000
10000.00000
0.00000
0.00000
10000.00000
381.86696
1.00000
-6.20397
381.86696
25478.26647
2.80020
0.14043
8000.00000
10000.00000
0.00000
0.00000
10000.00000
254.90750
1.00000
-6.47480
254.90750
25356.21810
2.80020
0.14043
8000.00000
10000.00000
0.00000
0.00000
10000.00000
127.61852
1.00000
-6.74563
127.61852
25234.16972
2.72984
0.14043
8000.00000
10000.00000
0.00000
0.00000
10000.00000
0.00000
1.00000
-7.01647
0.00000
25112.12134
2.50785
0.10274
8000.00000
10000.00000
0.00000
0.00000
10000.00000
0.00000
1.00000
-7.24980
0.00000
25081.42316
2.31659
0.10274
8000.00000
10000.00000
0.00000
0.00000
10000.00000
0.00000
1.00000
-7.48313
0.00000
25050.72497
2.30020
0.10274
8000.00000
10000.00000
0.00000
0.00000
10000.00000
0.00000
1.00000
-7.71647
0.00000
25020.02679
2.30020
0.10274
8000.00000
10000.00000
0.00000
0.00000
10000.00000
0.00000
1.00000
-7.94980
0.00000
24989.32861
2.30020
0.10238
8000.00000
10000.00000
0.00000
0.00000
10000.00000
0.00000
1.00000
-8.07063
0.00000
24917.08505
2.30020
0.10238
8000.00000
10000.00000
0.00000
0.00000
10000.00000
0.00000
1.00000
-8.19147
0.00000
24844.84149
2.30020
0.10238
8000.00000
10000.00000
0.00000
0.00000
10000.00000
0.00000
1.00000
-8.31230
0.00000
24772.59793
2.30020
0.10238
8000.00000
10000.00000
0.00000
0.00000
10000.00000
0.00000
1.00000
-8.43313
0.00000
24700.35437
2.30020
0.10249
8000.00000
10000.00000
0.00000
0.00000
10000.00000
0.00000
1.00000
-8.52480
0.00000
24630.24490
2.30020
0.10249
8000.00000
10000.00000
0.00000
0.00000
10000.00000
0.00000
1.00000
-8.61647
0.00000
24560.13543
2.30020
0.10249
8000.00000
10000.00000
0.00000
0.00000
10000.00000
0.00000
1.00000
-8.70813
0.00000
24490.02596
2.30020
0.10249
8000.00000
10000.00000
0.00000
0.00000
10000.00000
0.00000
1.00000
-8.79980
0.00000
24419.91649
2.30020
0.09025
8000.00000
10000.00000
0.00000
0.00000
10000.00000
0.00000
1.00000
-8.93730
0.00000
20127.98060
2.30020
0.09025
8000.00000
10000.00000
0.00000
0.00000
10000.00000
0.00000
1.00000
-9.07480
0.00000
15836.04470
2.30020
0.09025
8000.00000
10000.00000
0.00000
0.00000
10000.00000
0.00000
1.00000
-9.21230
0.00000
11544.10881
2.30020
0.09025
8000.00000
10000.00000
0.00000
0.00000
10000.00000
0.00000
1.00000
-9.34980
0.00000
7252.17292
2.30020
0.08523
8000.00000
10000.00000
0.00000
0.00000
10000.00000
0.00000
1.00000
-9.35813
0.00000
7602.26324
2.30020
0.08523
8000.00000
10000.00000
0.00000
0.00000
10000.00000
0.00000
1.00000
-9.36647
0.00000
7952.35356
2.30020
0.08523
8000.00000
10000.00000
0.00000
0.00000
10000.00000
0.00000
1.00000
-9.37480
0.00000
8302.44389
2.30020
0.08523
8000.00000
10000.00000
0.00000
0.00000
inf
inf
inf
inf
inf
inf
inf
inf
inf
inf
inf
inf
inf
inf
inf
inf
inf
inf
inf
inf
inf
inf
inf
inf
inf
inf
inf
inf
inf
inf
inf
inf
inf
inf
inf
inf
inf
inf
inf
inf
inf
inf
inf
inf
inf
inf
inf
inf
inf
inf
inf
inf
inf
inf
inf
inf
inf
inf
inf
inf
inf
inf
inf
inf
inf
inf
inf
inf
inf
inf
inf
inf
inf
inf
inf
inf
inf
inf
inf
inf
inf
inf
inf
inf
inf
inf
inf
inf
inf
inf
inf
inf
inf
inf
inf
inf
