0.00000 0.00000 0.00000 0.00000 0.00000 0.00000 0.00000 0.00000 0.00000 0.00000 0.00000 0.00000
0.00003 0.00010 0.00007 -2.83318 0.00009 0.00015 2.30015 0.00014 -0.43912 0.62584 0.00015 -0.00000
9984.95390 0.00000 0.00018 -2.83318 0.00000 0.00015 2.30015 0.00014 -142.56743 3.09286 0.00000 0.00000
7959.79049 0.00000 0.12494 -2.69985 0.00000 73.83621 2.30015 0.00014 534.09409 -0.08836 0.00000 0.00000
0.00017 0.00000 0.00029 -2.83318 0.00000 0.00015 3.30015 0.00014 -8.89770 13.48198 0.00000 0.00000
0.00083 0.00000 0.00106 -2.83318 0.00000 0.00015 3.30015 0.00014 175.52411 79.20851 0.00000 0.00000
0.00083 0.00000 0.00103 -2.83318 0.00000 0.00015 3.30015 0.00008 4.95895 11.68568 0.00000 0.00000
0.00017 0.00000 0.00028 -2.79985 0.00000 18.45916 3.30015 0.00008 871.30755 254.75933 0.00000 0.00000
0.00083 0.00000 0.00100 -2.76652 0.00000 36.91818 3.30015 0.00008 -151.81590 997.22216 0.00000 0.00000
0.00017 0.00000 0.00029 -2.73318 0.00000 55.37719 3.30015 0.00008 569.11855 122.03279 0.00000 0.00000
0.00083 0.00000 0.00104 -2.69985 0.00000 73.83621 3.30015 -0.00090 702.86939 9.26665 0.00000 0.00000
0.00017 0.00000 0.00030 -2.67068 0.00000 157.53436 3.30015 -0.00090 -351.15801 -74.45766 0.00000 0.00000
0.00017 0.00000 0.00030 -2.64152 0.00000 241.23251 3.30015 -0.00090 58.64216 -19.89079 0.00000 0.00000
0.00083 0.00000 0.00109 -2.61235 0.00000 324.93066 3.30015 -0.00090 873.28037 101.60515 0.00000 0.00000
0.00000 0.00000 0.00020 -2.58313 0.00000 408.62875 3.30015 -0.00085 -2574.94281 5121.29960 0.00000 0.00000
4672.65227 0.00000 0.16627 -2.59568 0.00000 501.85969 3.30015 -0.00085 1185.89764 3236.64890 0.00000 0.00000
0.00000 0.00000 0.00020 -2.60813 0.00000 595.09052 3.30015 -0.00085 383.48211 4299.43562 0.00000 0.00000
0.00003 0.00000 0.00018 -2.62068 0.00000 688.32146 3.30015 -0.00085 1258.88872 100.40361 0.00000 0.00000
0.00083 0.00000 0.00103 -2.63318 0.00000 781.55234 3.30015 0.00047 401.62531 286.50294 0.00000 0.00000
0.00083 0.00000 0.00109 -2.62485 0.00000 869.98769 3.30015 0.00047 -191.47111 706.22093 0.00000 0.00000
0.00083 0.00000 0.00107 -2.61652 0.00000 958.42304 3.30015 0.00047 -34.45936 65.34042 0.00000 0.00000
0.00017 0.00000 0.00038 -2.60818 0.00000 1046.85838 3.30015 0.00047 1951.06626 830.14805 0.00000 0.00000
0.00083 0.00000 0.00159 -2.59985 0.00000 1135.29373 3.30015 0.03770 607.77530 -133.39036 0.00000 0.00000
0.00083 0.00000 0.00193 -2.57485 0.00000 1202.73155 3.30015 0.03770 687.11130 526.04197 0.00000 0.00000
0.00083 0.00000 0.00250 -2.54985 0.00000 1270.16938 3.30015 0.03770 129.57822 -103.13256 0.00000 0.00000
0.00017 0.00000 0.00120 -2.52485 0.00000 1337.60720 3.30015 0.03770 2083.95769 674.76685 0.00000 0.00000
0.00415 0.00000 0.01726 -2.49985 0.00000 1405.04502 3.30015 0.08891 72.64344 478.90709 0.00000 0.00000
3955.87352 0.00000 0.07303 -2.52068 0.00000 5744.68675 3.30015 0.08891 -160.31999 481.08815 0.00000 0.00000
3614.41806 0.00000 0.12879 -2.54152 0.00000 10084.32849 3.30015 0.08891 -124.08226 -353.57270 0.00000 0.00000
4610.06071 0.00000 0.17201 -2.56235 0.00000 14423.97022 3.30015 0.08891 133.13877 -53.90028 0.00000 0.00000
5841.07221 0.00000 0.21301 -2.58318 0.00000 18763.61195 3.30015 0.12308 -592.22890 -393.01165 0.00000 0.00000
5727.24826 0.00000 0.20693 -2.59568 0.00000 18443.09878 3.30015 0.12308 -338.56764 99.27670 0.00000 0.00000
5601.67695 0.00000 0.20260 -2.60818 0.00000 18122.58560 3.30015 0.12308 -529.10273 520.60353 0.00000 0.00000
5504.08140 0.00000 0.19851 -2.62068 0.00000 17802.07243 3.30015 0.12308 -1658.30417 37.54164 0.00000 0.00000
5386.64616 0.00000 0.19542 -2.63318 0.00000 17481.55925 3.30015 0.11032 -50.45256 485.12080 0.00000 0.00000
4224.57687 0.00000 0.14712 -2.64985 0.00000 13215.28161 3.30015 0.11032 -823.85024 167.21148 0.00000 0.00000
3253.18989 0.00000 0.11626 -2.66652 0.00000 8949.00397 3.30015 0.11032 -73.41285 3952.41194 0.00000 0.00000
0.00017 0.00000 0.03890 -2.68318 0.00000 4682.72633 3.30015 0.11032 718.02898 -125.61006 0.00000 0.00000
0.00000 0.00000 0.00105 -2.69980 0.00000 416.44863 3.30015 0.09353 957.55475 1635.44580 0.00000 0.00000
0.00003 0.00000 0.00340 -2.68318 0.00000 572.69942 3.30015 0.09353 480.09370 -478.56048 0.00000 0.00000
0.00083 0.00000 0.00865 -2.66652 0.00000 728.95016 3.30015 0.09353 176.61540 -94.91782 0.00000 0.00000
0.00017 0.00000 0.00463 -2.64985 0.00000 885.20090 3.30015 0.09353 1105.07925 -243.02471 0.00000 0.00000
0.00415 0.00000 0.00965 -2.63318 0.00000 1041.45164 3.30015 0.09088 2938.39551 1726.77581 0.00000 0.00000
0.00017 35.44887 0.64628 -2.57485 55.18630 1163.04471 3.30015 0.09088 225.19136 20.31169 0.00000 0.00000
0.00017 70.41498 0.66467 -2.51652 110.96188 1284.63778 3.30015 0.09088 895.26967 -437.85725 0.00000 0.00000
0.00083 96.13522 0.66499 -2.45818 166.71708 1406.23086 3.30015 0.09088 257.13768 104.43804 0.00000 0.00000
0.00017 141.53245 0.64508 -2.39985 222.45404 1527.82393 3.30015 0.08252 1836.77026 1474.91818 0.00000 0.00000
0.00000 289.68137 0.48747 -2.33735 292.21562 1614.22835 3.30015 0.08252 484.47694 5157.54914 0.00000 0.00000
0.00083 208.28062 0.66096 -2.27485 361.59160 1700.63278 3.30015 0.08252 -1182.21741 2431.86667 0.00000 0.00000
0.00000 327.46507 0.80558 -2.21235 430.94195 1787.03720 3.30015 0.08252 177.48813 631.86587 0.00000 0.00000
0.00083 287.60934 0.63049 -2.14985 500.55750 1873.44163 3.30015 0.08105 1340.60964 323.62119 0.00000 0.00000
0.00017 289.24543 0.58931 -2.12068 458.82289 1966.78555 3.30015 0.08105 2313.00998 3578.87660 0.00000 0.00000
0.00083 239.78616 0.62737 -2.09152 417.01087 2060.12947 3.30015 0.08105 1484.31492 1259.82565 0.00000 0.00000
0.00083 215.38046 0.62957 -2.06235 375.23656 2153.47340 3.30015 0.08105 -464.16379 431.33258 0.00000 0.00000
0.00083 191.83233 0.62511 -2.03318 333.47075 2246.81732 3.30015 0.08114 722.14396 1236.47536 0.00000 0.00000
5996.15063 254.93277 0.61126 -1.99985 402.97521 2311.93578 3.30015 0.08114 2233.16982 206.36895 0.00000 0.00000
0.00083 271.60718 0.63191 -1.96652 472.40632 2377.05424 3.30015 0.08114 -53.77532 -26.29216 0.00000 0.00000
0.00017 342.46100 0.59550 -1.93318 541.85563 2442.17271 3.30015 0.08114 -30.83883 131.07144 0.00000 0.00000
0.00017 386.77659 0.58470 -1.89985 611.24050 2507.29117 3.30015 0.09820 318.92011 -84.62512 0.00000 0.00000
0.00083 526.60172 0.63604 -1.88735 916.44865 2594.69526 3.30015 0.09820 1428.08117 -666.63873 0.00000 0.00000
0.00083 700.78935 0.62568 -1.87485 1221.28316 2682.09936 3.30015 0.09820 1217.21817 -36.81857 0.00000 0.00000
4256.17474 969.10101 0.57564 -1.86235 1525.72200 2769.50346 3.30015 0.09820 2497.23279 171.65667 0.00000 0.00000
0.00083 1049.11042 0.64367 -1.84985 1829.60741 2856.90756 3.30015 0.12366 2317.03172 5698.99099 0.00000 0.00000
0.00083 937.71413 0.65761 -1.80402 1635.87832 2941.32208 3.30015 0.12366 1716.96793 -448.55429 0.00000 0.00000
0.00083 826.69436 0.64542 -1.75818 1442.07988 3025.73660 3.30015 0.12366 -35.51193 -81.91798 0.00000 0.00000
3330.80133 715.60553 0.64273 -1.71235 1248.17646 3110.15112 3.30015 0.12366 87.74701 -794.85621 0.00000 0.00000
3609.10841 664.91721 0.61692 -1.66652 1054.20068 3194.56564 3.30015 0.14864 -917.05100 -116.98053 0.00000 0.00000
3470.19027 517.55753 0.65317 -1.60402 901.57524 7528.87840 3.30015 0.14864 -979.74722 -290.77788 0.00000 0.00000
4548.75684 429.97515 0.71603 -1.54152 748.89552 11863.19116 3.30015 0.14864 -1219.15687 -512.27316 0.00000 0.00000
5990.06349 342.14811 0.73872 -1.47902 596.22829 16197.50392 3.30015 0.14864 -1445.87939 -377.93321 0.00000 0.00000
9068.89839 279.34621 0.85622 -1.41652 443.43858 20531.81668 3.30015 0.13815 -2431.40624 -1165.19464 0.00000 0.00000
7030.60702 191.03380 0.87977 -1.44985 332.46480 20194.02952 3.30015 0.13815 -917.92754 -243.92273 0.00000 0.00000
6321.18397 119.41808 0.88578 -1.48318 221.42626 19856.24235 3.30015 0.13815 2564.98751 3761.45274 0.00000 0.00000
6543.07604 59.70656 0.98132 -1.51652 110.21592 19518.45519 3.30015 0.13815 2696.17337 3993.91439 0.00000 0.00000
0.00083 0.00000 0.07533 -1.54985 0.00000 19180.66803 3.30015 0.11779 284.87968 29.03801 0.00000 0.00000
6756.96803 0.00000 0.20828 -1.56235 0.00000 18971.86383 3.30015 0.11779 -957.35404 583.81968 0.00000 0.00000
6005.49575 0.00000 0.19956 -1.57485 0.00000 18763.05963 3.30015 0.11779 -1661.11238 -353.68432 0.00000 0.00000
5774.05689 0.00000 0.19525 -1.58735 0.00000 18554.25542 3.30015 0.11779 -1273.48977 -171.61279 0.00000 0.00000
5682.26657 0.00000 0.19263 -1.59985 0.00000 18345.45122 3.30015 0.11786 -1102.21914 88.65511 0.00000 0.00000
5628.51671 0.00000 0.19148 -1.64568 0.00000 18220.15954 3.30015 0.11786 -1289.06095 -24.91219 0.00000 0.00000
5471.85132 0.00000 0.19248 -1.69152 0.00000 18094.86786 3.30015 0.11786 -637.95918 -172.13789 0.00000 0.00000
5630.97471 0.00000 0.19018 -1.73735 0.00000 17969.57618 3.30015 0.11786 -1114.96034 -179.66646 0.00000 0.00000
5530.15864 0.00000 0.18875 -1.78318 0.00000 17844.28449 3.30015 0.09610 -1560.71510 -385.40507 0.00000 0.00000
5471.23908 0.00000 0.18819 -1.81235 0.00000 17755.32575 3.30015 0.09610 -1151.72070 -86.67725 0.00000 0.00000
5446.06183 0.00000 0.18743 -1.84152 0.00000 17666.36701 3.30015 0.09610 -1093.42544 -335.08308 0.00000 0.00000
5418.77153 0.00000 0.18682 -1.87068 0.00000 17577.40827 3.30015 0.09610 -1035.56137 -352.84329 0.00000 0.00000
5264.29893 0.00000 0.18757 -1.89985 0.00000 17488.44953 3.30015 0.10583 -64.16655 -512.04765 0.00000 0.00000
5446.01298 0.00000 0.18519 -1.89985 0.00000 17409.21788 3.30015 0.10583 -1161.52554 -419.60080 0.00000 0.00000
5352.22137 0.00000 0.18441 -1.89985 0.00000 17329.98623 3.30015 0.10583 -1225.45520 -311.43851 0.00000 0.00000
5317.50045 0.00000 0.18323 -1.89985 0.00000 17250.75459 3.30015 0.10583 -1047.56886 -591.82718 0.00000 0.00000
5285.04882 0.00000 0.18180 -1.89985 0.00000 17171.52294 3.30015 0.09541 -121.34424 -482.68360 0.00000 0.00000
4138.22104 0.00000 0.13632 -1.87480 0.00000 13006.70150 3.30015 0.09541 -2955.11554 1444.41753 0.00000 0.00000
0.00017 0.00000 0.09391 -1.84985 0.00000 8841.88036 3.30015 0.09541 -300.12047 -73.65176 0.00000 0.00000
4106.56277 0.00000 0.05801 -1.82485 0.00000 4677.05907 3.30015 0.09541 1752.77760 6133.05255 0.00000 0.00000
0.00083 0.00000 0.00460 -1.79985 0.00000 512.23777 3.30015 0.10385 1963.01354 1093.97506 0.00000 0.00000
0.00083 0.00000 0.00459 -1.77485 0.00000 714.72915 3.30015 0.10385 1035.94851 -65.99317 0.00000 0.00000
0.00083 0.00000 0.00523 -1.74985 0.00000 917.22053 3.30015 0.10385 1374.85567 716.41852 0.00000 0.00000
0.00083 0.00000 0.00679 -1.72485 0.00000 1119.71191 3.30015 0.10385 2857.97245 577.65203 0.00000 0.00000
0.00102 0.00000 0.01067 -1.69985 0.00000 1322.20329 3.30015 0.10842 -121.28750 793.63940 2439.84114 0.00000
0.00102 0.00000 0.01360 -1.68735 0.00000 1507.96600 3.30015 0.10842 -145.96681 -107.06747 1006.34302 0.00000
0.00102 0.00000 0.01657 -1.67485 0.00000 1693.72871 3.30015 0.10842 -557.90492 2414.23134 844.87731 0.00000
0.00102 0.00000 0.01951 -1.66235 0.00000 1879.49142 3.30015 0.10842 -390.82236 1487.87313 595.36178 0.00000
0.00020 0.00000 0.01964 -1.64985 0.00000 2065.25413 3.30015 0.10607 63.57799 -293.06057 379.05615 0.00000
0.00102 0.00000 0.02505 -1.54568 0.00000 2197.29786 3.30015 0.10607 -20.93411 4793.85729 769.85485 0.00000
0.00102 0.00000 0.02637 -1.44152 0.00000 2329.34160 3.30015 0.10607 -33.51784 2021.86443 369.51145 0.00000
5431.54918 0.00000 0.03399 -1.33735 0.00000 2461.38533 3.30015 0.10607 -264.18170 232.73825 547.16446 0.00000
0.00510 0.00000 0.03320 -1.23318 0.00000 2593.42906 3.30015 0.10356 -97.38020 -49.44405 1206.59878 0.00000
0.00102 0.00000 0.02039 -1.12485 0.00000 2673.31293 3.30015 0.10356 63.83179 -493.59328 502.23680 0.00000
3507.31326 0.00000 0.06000 -1.01652 0.00000 2753.19679 3.30015 0.10356 -58.51028 930.32211 709.29688 0.00000
0.00510 0.00000 0.02133 -0.90818 0.00000 2833.08066 3.30015 0.10356 443.32291 -267.08280 851.00820 0.00000
0.00102 0.00000 0.01442 -0.79985 0.00000 2912.96452 3.30015 0.10286 -36.74495 -180.85838 731.13048 0.00000
0.00102 0.00000 0.03004 -0.71652 0.00000 2984.56399 3.30015 0.10286 340.50252 228.88784 138.61215 0.00000
0.00102 0.00000 0.03165 -0.63318 0.00000 3056.16346 3.30015 0.10286 -23.17917 155.45822 158.80957 0.00000
0.00102 0.00000 0.03347 -0.54985 0.00000 3127.76293 3.30015 0.10286 76.71260 1205.38350 235.90496 0.00000
4940.86850 0.00000 0.04063 -0.46652 0.00000 3199.36240 3.30015 0.11438 -11.82768 1732.36738 82.93726 0.00000
0.00102 0.00000 0.03204 -0.47068 0.00000 3291.67761 3.30015 0.11438 133.04452 -288.93020 595.51301 0.00000
0.00102 0.00000 0.03656 -0.47485 0.00000 3383.99282 3.30015 0.11438 511.80206 178.80578 360.72634 0.00000
3748.06731 0.00000 0.04981 -0.47902 0.00000 3476.30803 3.30015 0.11438 70.12060 -268.56650 212.25383 0.00000
0.00102 0.00000 0.02711 -0.48318 0.00000 3568.62324 3.30015 0.15706 4100.51779 4311.23171 242.92307 0.00000
3282.02390 0.00000 0.07971 -0.42897 0.00000 3636.10389 3.30015 0.15706 376.12246 1840.66331 25.05728 0.00000
0.00102 0.00000 0.00540 -0.37485 0.00000 3703.58471 3.30015 0.15706 1355.47272 -228.90861 66.11546 0.00000
0.00510 0.00000 0.04071 -0.32068 0.00000 3771.06545 3.30015 0.15706 24.50939 64.20949 191.21621 0.00000
2797.95413 0.00000 0.03443 -0.26652 0.00000 3838.54618 3.30015 0.18279 -965.77804 -929.24416 1.96698 0.00000
0.00102 0.00000 0.08127 -0.21235 0.00000 8165.87998 3.30015 0.18279 -250.94710 -329.74811 0.90633 0.00000
5955.82006 0.00000 0.13162 -0.15818 0.00000 12493.21378 3.30015 0.18279 -1388.75307 -506.17749 0.89946 0.00000
5464.71977 0.00000 0.16832 -0.10402 0.00000 16820.54758 3.30015 0.18279 -1390.20541 -521.19591 0.90147 0.00000
6541.30110 0.00000 0.20389 -0.04985 0.00000 21147.88138 3.30015 0.17906 -1544.39748 -355.85733 0.91686 0.00000
6423.49958 0.00000 0.19774 -0.03735 0.00000 20788.77600 3.30204 0.17906 -2111.55309 -791.99489 0.63686 0.00000
6253.76567 0.00000 0.19376 -0.02485 0.00000 20429.67063 3.31151 0.17906 -1242.39272 -283.12216 0.94006 0.00000
6126.48914 0.00000 0.18991 -0.01235 0.00000 20070.56525 3.32098 0.17906 -1012.86122 -54.90538 66.03487 0.00000
5995.77009 0.00000 0.18620 0.00015 0.00000 19711.45988 3.33045 0.19015 -82.11500 -388.41054 41.42310 0.00000
4888.41978 0.00000 0.14913 0.02098 0.00000 15230.61851 3.34624 0.19015 214.75102 2027.85374 17.03881 0.00000
3490.91258 0.00000 0.10537 0.04182 0.00000 10749.77715 3.36202 0.19015 137.95325 2628.75487 39.82052 0.00000
0.00102 0.00000 0.05225 0.06265 0.00000 6268.93578 3.37780 0.19015 103.40195 193.11351 82.77341 0.00000
0.00102 0.00000 0.01541 0.08348 0.00000 1788.09442 3.39358 0.19003 1646.31647 2019.12585 32.74127 0.00000
0.00102 0.00000 0.01606 0.15432 0.00000 2011.44839 3.44725 0.19003 -205.67745 219.08472 204.74856 0.00000
0.00102 0.00000 0.01880 0.22515 0.00000 2234.80236 3.50091 0.19003 1173.13768 2073.97612 486.85794 0.00000
0.00004 0.00000 0.00001 0.29598 0.00000 2458.15634 3.55457 0.19003 1065.44050 -317.81534 646.81856 0.00000
3885.21444 0.00000 0.02649 0.36682 0.00000 2681.51031 3.60823 0.18257 344.39703 750.10598 405.52071 0.00000
0.00000 0.00000 -0.00000 0.41687 0.00000 2810.10637 3.64611 0.18257 36.19842 -92.12879 393.24778 0.00000
0.00000 0.00000 0.02602 0.46687 0.00000 2938.70251 3.68399 0.18257 606.74421 -245.27269 403.77949 0.00000
0.00000 0.00000 0.00013 0.51687 0.00000 3067.29865 3.72187 0.18257 3384.32752 2944.06628 260.93786 0.00000
0.00000 0.00000 0.02851 0.56683 0.00000 3195.89486 3.75975 0.18261 -1051.78261 -62.17794 186.33653 0.00000
0.00000 355.84586 1.00000 0.67937 425.93695 3270.75363 3.80015 0.18261 1131.24615 -118.04543 554.85378 0.00000
0.00000 708.43512 0.00009 0.79187 852.69360 3345.61249 3.80015 0.18261 2281.44897 36.01264 200.47353 0.00000
0.00000 1060.55721 0.00008 0.90437 1277.27025 3420.47134 3.80015 0.18261 1546.45239 -22.32164 714.27794 0.00000
0.00000 1414.95768 0.00007 1.01687 1700.66679 3495.33019 3.80015 0.17974 1697.86275 424.64363 1805.11157 0.00000
0.00000 1345.71822 0.03931 1.13770 1617.86896 3538.30255 3.80015 0.17974 1597.09367 10.77435 2153.66820 0.00000
0.00000 1271.32790 0.05837 1.25853 1535.13886 3581.27491 3.80015 0.17974 1403.21334 27.98313 2155.80669 0.00000
0.00000 1348.65283 0.06309 1.37937 1452.47074 3624.24728 3.80015 0.17974 1346.56207 -164.40371 1732.23723 0.00000
0.00000 1273.10666 0.07022 1.50020 1369.84783 3667.21964 3.80015 0.17915 1174.13372 41.08428 1833.79808 0.00000
4450.05117 1316.79842 0.19786 1.60848 1328.18074 3709.27633 3.80016 0.17915 924.26090 3767.56509 816.23289 0.00000
0.00000 1270.96900 0.11022 1.71687 1286.75626 3751.33284 3.80015 0.17915 1547.98042 3764.76671 97.81111 0.00000
7159.03663 780.83489 0.57937 1.82515 1244.80232 3793.38953 3.80015 0.17915 1506.68088 -250.43486 211.41778 0.00000
0.00000 754.83569 0.06909 1.93353 1203.85516 3835.44604 3.80015 0.18108 1160.49261 -234.01783 618.28617 0.00000
0.00000 703.49034 0.00008 1.91270 1122.13632 3882.90986 3.80015 0.18108 1219.88383 -146.42326 958.39618 0.00000
0.00000 652.39805 0.00808 1.89182 1040.29699 3930.37376 3.80015 0.18108 1004.69389 -115.48202 220.63543 0.00000
0.00000 601.28544 0.03803 1.87098 958.39204 3977.83758 3.80015 0.18108 1464.95242 -254.78700 1.22399 0.00000
4640.52256 549.62758 0.09947 1.85015 876.41201 4025.30139 3.80015 0.16684 786.47947 4430.76148 618.52411 0.00000
0.00000 619.16889 0.10517 1.67515 986.40491 4162.51695 3.80015 0.16684 1416.46985 -45.69052 0.72784 0.00000
0.00000 1017.59939 0.37729 1.50015 1096.22798 4299.73251 3.80015 0.16684 1116.04997 367.28029 408.87044 0.00000
3697.97952 950.95914 0.34147 1.32515 1206.45558 4436.94807 3.80015 0.16684 1492.73207 -199.61380 1.92441 0.00000
5245.10554 1037.16727 0.47572 1.15015 1316.60972 4574.16363 3.80015 0.19003 754.66816 -87.83871 0.72461 0.00000
0.00102 686.66127 0.66067 0.90015 1208.14342 9025.21291 3.80015 0.19003 -1124.46667 216.03605 2.29503 0.00000
9821.36723 625.28036 0.82990 0.65015 1099.42452 13476.26219 3.80015 0.19003 1570.16371 6597.15663 2.65456 0.00000
0.00000 562.87786 0.98485 0.40015 990.45159 17927.31148 3.63348 0.19003 -3209.93724 1517.24381 1030.99414 0.00000
9999.97391 501.64633 0.99860 0.15015 881.35153 22378.36076 3.44414 0.18509 326.71547 2366.54080 1.19161 0.00000
9379.13146 392.69926 1.00000 -0.09152 689.27799 22116.39066 3.30015 0.18509 278.71838 -497.77650 1.14629 0.00000
7177.72979 283.23331 1.00000 -0.33318 496.67837 21854.42056 3.30015 0.18509 -291.63198 -581.12982 1.15140 0.00000
4413.41284 190.38339 0.79028 -0.57485 303.76101 21592.45046 3.30015 0.18509 -2376.82019 -1602.09813 0.89616 0.00000
8488.12993 69.30153 1.00000 -0.81650 109.89672 21330.48030 3.30015 0.17914 -2304.09747 -1089.78335 1.49765 0.00000
5993.98859 47.29704 0.86306 -0.83735 82.32126 21121.13627 3.30015 0.17914 -1353.97723 -325.64906 1.46986 0.00000
7191.50043 31.54049 1.00000 -0.85814 54.46409 20911.79205 3.30015 0.17914 -748.91794 -181.83047 1.40697 0.00000
6506.26475 15.77184 1.00000 -0.87897 26.73603 20702.44796 3.30015 0.17914 -422.93347 -2103.89026 1.31252 0.00000
0.00000 0.00000 0.08409 -0.89980 0.00000 20493.10388 3.30015 0.15627 116.98461 28.22231 1.18763 0.00000
7367.54442 0.00000 0.21895 -1.07068 0.00000 20389.47372 3.30015 0.15627 -2637.90076 -255.36411 0.89682 0.00000
6495.34337 0.00000 0.21439 -1.24147 0.00000 20285.84326 3.30015 0.15627 -2438.87029 -140.45152 0.87868 0.00000
6310.31741 0.00000 0.21313 -1.41235 0.00000 20182.21309 3.30015 0.15627 -2019.16644 -237.46138 0.90117 0.00000
6263.13502 0.00000 0.21296 -1.58313 0.00000 20078.58264 3.30015 0.14107 -2012.33995 -321.00503 0.88245 0.00000
6214.08020 0.00000 0.21522 -1.76235 0.00000 20040.96297 3.30015 0.14107 -1845.02215 -184.65735 0.97260 0.00000
6084.97765 0.00000 0.21950 -1.94152 0.00000 20003.34315 3.30015 0.14107 -955.19702 -128.26977 1.34990 0.00000
6302.00166 0.00000 0.21967 -2.12063 0.00000 19965.72318 3.30015 0.14107 -1187.26722 -151.25382 1.32246 0.00000
6098.81466 0.00000 0.21596 -2.29985 0.00000 19928.10351 3.30015 0.13807 -1638.16705 -393.09291 1.02988 0.00000
6067.55357 0.00000 0.21220 -2.19152 0.00000 19814.56895 3.30015 0.13807 -1773.87039 -396.86763 1.02309 0.00000
6018.43174 0.00000 0.20931 -2.08313 0.00000 19701.03423 3.30015 0.13807 -1943.33935 -432.12793 1.00186 0.00000
0.00000 0.00000 0.21988 -1.97480 0.00000 19587.49966 3.30015 0.13807 -2052.87570 -460.47113 0.98148 0.00000
10000.00010 0.00000 0.26583 -1.86647 0.00000 19473.96509 3.30020 0.09771 -1983.46963 -471.55892 0.96172 0.00000
0.00000 0.00000 0.16700 -1.79563 0.00000 15100.47960 3.30015 0.09771 -1505.50440 -487.75513 0.94313 0.00000
0.00000 0.00000 0.11947 -1.72480 0.00000 10726.99411 3.30015 0.09771 -1051.70905 -448.10462 0.93223 0.00000
0.00000 0.00000 0.07852 -1.65397 0.00000 6353.50865 3.30015 0.09771 -184.67208 -205.63001 576.86169 0.00000
0.00000 0.00000 0.03054 -1.58313 0.00000 1980.02320 3.30015 0.10546 254.67394 -137.70461 702.56437 0.00000
0.00000 0.00000 0.03159 -1.40397 0.00000 2226.00670 3.30015 0.10546 -614.97932 3.28494 2726.63510 0.00000
0.00000 0.00000 0.03373 -1.22480 0.00000 2471.99020 3.30015 0.10546 6.34622 374.44184 2199.14817 0.00000
9989.94989 0.00000 0.05918 -1.04568 0.00000 2717.97377 3.30015 0.10546 -440.32722 2813.01616 0.00054 0.00000
3168.36458 0.00000 0.07028 -0.86654 0.00000 2963.95729 3.30015 0.09744 -1605.68827 -1376.22652 0.00000 0.00000
0.00000 0.00000 0.05004 -1.04563 0.00000 3237.98497 3.30015 0.09744 1000.99545 3119.23169 0.00000 0.00000
3772.70255 0.00000 0.06886 -1.22485 0.00000 3512.01283 3.30018 0.09744 -1122.09271 -1765.00642 0.00000 0.00000
0.04663 0.00000 0.04730 -1.40401 0.00000 3786.04060 3.30015 0.09744 2690.46774 -2276.91384 0.00000 0.00000
0.00021 0.00000 0.04674 -1.58315 0.00000 4060.06833 3.30015 0.08465 1947.51026 -1938.73017 0.00000 0.00000
4245.53719 0.00000 0.05588 -1.43734 0.00000 4189.27474 3.30017 0.08465 -2169.31746 -1453.45166 0.00000 0.00000
0.00001 0.00000 0.04295 -1.29148 0.00000 4318.48105 3.30015 0.08465 -61.52603 72.02174 0.00000 0.00000
2987.69169 0.00000 0.05037 -1.14565 0.00000 4447.68741 3.30015 0.08465 -3102.26226 117.73007 0.00000 0.00000
0.02540 0.00000 0.04669 -0.99984 0.00000 4576.89385 3.30015 0.07553 255.58575 17.34454 0.00000 0.00000
3186.67742 0.00000 0.05734 -0.91231 0.00000 4645.69926 3.30015 0.07553 -3184.60622 10.22970 0.00000 0.00000
0.00404 0.00000 0.04127 -0.82484 0.00000 4714.50480 3.30015 0.07553 821.35525 -399.41238 0.00000 0.00000
0.00000 0.00000 0.04934 -0.73730 0.00000 4783.31021 3.30015 0.07553 670.00414 7082.86658 0.00000 0.00000
5381.93096 0.00000 0.11673 -0.64980 0.00000 4852.11570 3.30015 0.07926 -1297.87360 2679.42808 0.00000 0.00000
0.00000 0.00000 0.00021 -0.54147 0.00000 4887.93782 3.30015 0.07926 1040.08194 4541.85304 0.00000 0.00000
0.03233 0.00000 0.04895 -0.43318 0.00000 4923.76003 3.30015 0.07926 2140.01641 -119.36000 0.00000 0.00000
3464.21662 0.00000 0.04935 -0.32483 0.00000 4959.58214 3.30018 0.07926 -935.46985 56.27619 0.00000 0.00000
0.00000 0.00000 0.04911 -0.21647 0.00000 4995.40420 3.30015 0.09494 3020.96439 1571.66063 0.00000 0.00000
3228.77741 0.00000 0.04956 -0.14569 0.00000 5050.72349 3.30019 0.09494 91.77126 -1262.78625 0.00000 0.00000
0.00061 0.00000 0.04924 -0.07482 0.00000 5106.04263 3.30015 0.09494 720.71457 -663.67348 0.00000 0.00000
3221.67650 0.00000 0.04982 -0.00399 0.00000 5161.36182 3.32730 0.09494 -877.43615 -2191.03250 0.00000 0.00000
0.01207 0.00000 0.04959 0.06685 0.00000 5216.68098 3.38096 0.09931 1074.23610 1095.56854 0.00000 0.00000
3165.90774 0.00000 0.05029 0.13353 0.00000 5264.96417 3.43146 0.09931 -826.32381 780.67746 0.00000 0.00000
0.00719 0.00000 0.05012 0.20017 0.00000 5313.24747 3.48197 0.09931 4502.27545 -3734.92480 0.00000 0.00000
3122.13056 0.00000 0.05074 0.26687 0.00000 5361.53062 3.53247 0.09931 14.19612 9999.63633 0.00000 0.00000
0.04898 0.00000 0.05447 0.33348 0.00000 5409.81394 3.58298 0.10130 2399.71767 3.21353 0.00000 0.00000
4142.67450 0.00000 0.09328 0.40849 0.00000 9713.19785 3.63983 0.10130 -403.17238 -333.35900 0.00000 0.00000
3978.32512 0.00000 0.13266 0.48353 0.00000 14016.58163 3.69661 0.10130 -422.69022 142.95033 0.00000 0.00000
4941.61842 0.00000 0.16901 0.55851 0.00000 18319.96561 3.75343 0.10130 -1380.55172 359.00076 0.00000 0.00000
5952.46952 0.00000 0.20662 0.63352 0.00000 22623.34950 3.80019 0.12971 -1918.68054 -748.07262 0.00000 0.00000
5926.06187 0.00000 0.20231 0.65020 0.00000 22251.15091 3.80015 0.12971 -1605.26621 383.27489 0.00000 0.00000
5829.55702 0.00000 0.19861 0.66687 0.00000 21878.95235 3.80015 0.12971 -1462.81364 460.49229 0.00000 0.00000
5730.44890 0.00000 0.19497 0.68353 0.00000 21506.75378 3.80015 0.12971 -1793.81920 0.00447 0.00000 0.00000
5619.83974 0.00000 0.19063 0.70020 0.00000 21134.55522 3.80015 0.11352 -1395.53485 1160.85179 0.00000 0.00000
4528.57635 0.00000 0.14849 0.75851 0.00000 16599.74390 3.80019 0.11352 -903.01672 -0.00562 0.00000 0.00000
3353.35163 0.00000 0.10659 0.81685 0.00000 12064.93251 3.80015 0.11352 -0.14325 0.14365 0.00000 0.00000
0.00000 0.00000 0.06569 0.87520 0.00000 7530.12115 3.80015 0.11352 839.30084 1936.24150 0.00000 0.00000
6365.13937 0.00000 0.33929 0.93353 0.00000 2995.30983 3.80019 0.09458 -773.62353 -290.56111 0.00000 0.00000
0.00001 0.00000 0.01072 1.03353 0.00000 3220.33202 3.80015 0.09458 22.75469 5.01612 0.00000 0.00000
0.00077 0.00000 0.00045 1.13353 0.00000 3445.35422 3.80015 0.09458 36.05177 1.50881 0.00000 0.00000
0.00013 0.00000 0.00016 1.23353 0.00000 3670.37642 3.80015 0.09458 5.47876 4.67608 0.00000 0.00000
0.00000 0.00000 0.00015 1.33348 0.00000 3895.39870 3.80015 0.09825 1080.21313 6031.93211 0.00000 0.00000
0.00001 40.95808 0.00555 1.48770 54.95499 3999.28474 3.80015 0.09825 307.66569 -202.54170 0.00000 0.00000
0.00005 109.78237 0.03331 1.64187 109.80185 4103.17088 3.80015 0.09827 1283.76873 -190.33685 0.00000 0.00000
0.00157 161.11496 0.03504 1.79603 164.60604 4207.05701 3.80015 0.09825 1181.16509 -732.41999 0.00000 0.00000
0.04574 212.76814 0.03995 1.95019 219.27884 4310.94316 3.80015 0.09583 944.29986 1544.00796 0.00000 0.00000
0.00000 230.13715 0.04323 1.92937 233.04300 4400.92528 3.80015 0.09583 1181.24415 -684.70851 0.00000 0.00000
0.00042 245.78427 0.46107 1.90848 246.34862 4490.90751 3.80015 0.09583 765.29265 -165.70647 0.00000 0.00000
0.00000 257.58440 0.00010 1.88770 260.53453 4580.88954 3.80015 0.09583 465.14229 4412.60312 0.00000 0.00000
0.00000 228.58168 -0.00000 1.86687 274.26085 4670.87168 3.80015 0.09695 444.16445 75.76200 0.00000 0.00000
0.00001 438.68037 0.41280 1.82103 438.32242 4761.27591 3.80015 0.09695 2634.00812 -1639.61566 0.00000 0.00000
3856.90255 599.26149 0.23602 1.77515 602.91170 4851.68025 3.80015 0.09695 208.78563 4380.36926 0.00000 0.00000
0.05505 759.84997 0.14832 1.72936 767.33437 4942.08440 3.80015 0.09695 2637.39916 -86.05838 0.00000 0.00000
0.00000 918.84138 0.04785 1.68353 931.73975 5032.48863 3.80015 0.10747 3643.88125 5536.23192 0.00000 0.00000
0.00002 1095.99312 0.11045 1.62937 1095.94028 5108.77684 3.80015 0.10747 4095.45096 196.17887 0.00000 0.00000
0.00009 1255.65250 0.27179 1.57515 1259.99110 5185.06515 3.80015 0.10747 3510.98888 -984.21419 0.00000 0.00000
0.00002 1424.23452 0.29056 1.52098 1424.13313 5261.35336 3.80015 0.10747 6686.54088 -2903.64874 0.00000 0.00000
0.00000 1579.83275 1.00000 1.46687 1587.53429 5337.64147 3.80015 0.11963 4177.58342 7238.86702 0.00000 0.00000
9944.24901 1556.39486 0.69967 1.35848 1561.20444 5418.81301 3.80015 0.11963 -6797.97486 -14.56210 0.00000 0.00000
0.02729 1531.69783 0.37285 1.25015 1534.86984 5499.98444 3.80015 0.11963 4017.97957 -138.98064 0.00000 0.00000
0.00001 1508.53086 0.53232 1.14187 1508.03156 5581.15576 3.80015 0.11963 4181.19228 1134.69378 0.00000 0.00000
0.00035 1463.15372 0.63547 1.03348 1481.20924 5662.32730 3.80015 0.13743 3431.04681 -372.64109 0.00000 0.00000
0.00034 1699.39348 0.55908 0.95015 1700.55138 5774.82164 3.80015 0.13743 3489.05727 -13.94069 0.00000 0.00000
6352.55207 1919.80431 0.53150 0.86682 1919.76346 5887.31598 3.80016 0.13743 -402.93432 -1946.54720 0.00000 0.00000
5785.50154 2115.27753 0.33598 0.78348 2139.07316 5999.81032 3.80015 0.13743 1420.19493 9744.40623 0.00000 0.00000
272.71960 2356.75201 0.32913 0.70015 2358.01422 6112.30467 3.80015 0.14824 -4795.98886 9905.42238 0.00000 0.00000
6385.45490 2057.36218 0.50380 0.70015 2057.66801 10459.77502 3.80016 0.14824 -1955.87149 -78.95107 0.00000 0.00000
9947.49904 1757.40387 0.53865 0.70015 1756.94901 14807.24538 3.80017 0.14824 -5199.23870 -882.28531 0.00000 0.00000
7597.02080 1456.37580 0.99909 0.70015 1455.39809 19154.71574 3.80019 0.14824 -1932.35847 -2675.14291 0.00000 0.00000
6418.70357 1154.81744 0.99888 0.70015 1153.90199 23502.18609 3.80017 0.14003 -3425.89026 -278.89545 0.00000 0.00000
6194.72084 907.81310 0.99635 0.67515 907.00089 23142.99514 3.80020 0.14003 -2771.98536 -341.32324 0.00000 0.00000
6111.51640 660.66914 0.99996 0.65015 659.79672 22783.80418 3.80016 0.14003 -1652.27503 -2294.92291 0.00000 0.00000
4407.06930 276.60481 0.81724 0.62515 412.44739 22424.61323 3.80015 0.14003 -1256.44322 37.35551 0.00000 0.00000
7246.24625 164.50462 1.00000 0.60019 164.41260 22065.42215 3.78500 0.13590 -5019.70560 7264.62609 0.00000 0.00000
6065.31048 123.97745 1.00000 0.61682 123.06276 21815.47505 3.79764 0.13590 -4060.92756 -863.18715 0.00000 0.00000
5809.42360 82.67587 1.00000 0.63349 81.71015 21565.52784 3.80018 0.13590 -4505.98621 -1.06324 0.00000 0.00000
5672.50885 41.29116 0.99999 0.65015 40.35872 21315.58062 3.80019 0.13590 -1853.68729 -1207.65053 0.00000 0.00000
0.00037 0.00000 0.05522 0.66682 0.00000 21065.63341 3.80015 0.12008 6085.77060 543.15046 0.00000 0.00000
6192.20204 0.00000 0.19534 0.66682 0.00000 20896.78506 3.80015 0.12008 487.95549 1.16031 0.00000 0.00000
5636.52199 0.00000 0.19110 0.66682 0.00000 20727.93672 3.80015 0.12008 -274.60226 19.14291 0.00000 0.00000
5520.97995 0.00000 0.18772 0.66682 0.00000 20559.08837 3.80015 0.12008 -526.87739 26.41542 0.00000 0.00000
5456.64715 0.00000 0.18622 0.66682 0.00000 20390.24002 3.80015 0.09824 -303.23031 3.14870 0.00000 0.00000
5422.45238 0.00000 0.18510 0.63348 0.00000 20274.99248 3.80015 0.09824 -632.14182 0.52904 0.00000 0.00000
5408.85331 0.00000 0.18428 0.60015 0.00000 20159.74494 3.78500 0.09824 -796.11583 0.28779 0.00000 0.00000
5411.70776 0.00000 0.18353 0.56682 0.00000 20044.49740 3.75975 0.09824 -511.74738 11.31998 0.00000 0.00000
5407.78808 0.00000 0.18265 0.53348 0.00000 19929.24986 3.73449 0.11886 -165.92509 0.38599 0.00000 0.00000
5405.82103 0.00000 0.18173 0.51682 0.00000 19829.35472 3.72187 0.11886 -591.61442 8.09537 0.00000 0.00000
5395.58273 0.00000 0.18096 0.50020 0.00000 19729.45944 3.70924 0.11886 -727.41812 429.57171 0.00000 0.00000
5385.95508 0.00000 0.18018 0.48353 0.00000 19629.56430 3.69661 0.11886 396.67870 1.76793 0.00000 0.00000
5376.95806 0.00000 0.17941 0.46687 0.00000 19529.66917 3.68399 0.09983 -2206.83190 0.00032 0.00000 0.00000
4323.62400 0.00000 0.13912 0.45015 0.00000 15186.62776 3.67136 0.09983 -719.47536 0.81028 0.00000 0.00000
3360.68278 0.00000 0.10791 0.43353 0.00000 10843.58606 3.65874 0.09983 -870.98708 293.25852 0.00000 0.00000
0.00000 0.00000 0.05212 0.41687 0.00000 6500.54455 3.64611 0.09983 -22.72666 36.88665 0.00000 0.00000
2531.32407 0.00000 0.02512 0.40016 0.00000 2157.50310 3.63350 0.10000 -229.12115 0.05166 0.00000 0.00000
0.00011 0.00000 0.01832 0.40434 0.00000 2479.84764 3.63664 0.10000 82.36454 -77.18305 0.00000 0.00000
0.00919 0.00000 0.02334 0.40849 0.00000 2802.19218 3.63980 0.10000 488.30552 -231.40449 0.00000 0.00000
0.01699 0.00000 0.02726 0.41266 0.00000 3124.53672 3.64295 0.10000 339.88725 6.37901 0.00000 0.00000
0.00013 0.00000 0.02944 0.41682 0.00000 3446.88127 3.64611 0.10147 870.12608 0.52358 0.00000 0.00000
0.00013 0.00000 0.03609 0.40848 0.00000 3668.26104 3.63980 0.10147 1228.28781 0.63528 0.00000 0.00000
4725.86708 0.00000 0.03963 0.40015 0.00000 3889.64081 3.63348 0.10147 1002.34129 0.61083 0.00000 0.00000
0.00003 0.00000 0.04035 0.39182 0.00000 4111.02059 3.62717 0.10147 -567.24609 183.01414 0.00000 0.00000
4988.52444 0.00000 0.17160 0.38348 0.00000 4332.40036 3.62086 0.11016 97.53268 113.98116 0.00000 0.00000
0.00003 0.00000 0.00020 0.48765 0.00000 4439.99500 3.69977 0.11016 316.38463 201.44492 0.00000 0.00000
0.00003 0.00000 0.00024 0.59182 0.00000 4547.58964 3.77869 0.11016 -22.26315 141.44294 0.00000 0.00000
0.00000 0.00000 0.03909 0.69603 0.00000 4655.18418 3.80015 0.11016 -911.26372 724.01850 0.00000 0.00000
3910.44910 0.00000 0.09483 0.80015 0.00000 4762.77891 3.80015 0.11170 -577.13882 0.67408 0.00000 0.00000
0.00003 0.00000 0.00211 0.92098 0.00000 4811.65710 3.80015 0.11170 174.63549 348.20359 0.00000 0.00000
0.00003 0.00000 0.04265 1.04182 0.00000 4860.53528 3.80015 0.11170 -276.59734 298.91412 0.00000 0.00000
0.00013 0.00000 0.04413 1.16265 0.00000 4909.41347 3.80015 0.11170 -5.74911 130.57059 0.00000 0.00000
4900.84908 0.00000 0.09375 1.28348 0.00000 4958.29165 3.80015 0.12352 1297.00968 0.83984 0.00000 0.00000
0.00013 0.00000 0.01012 1.31682 0.00000 5029.15052 3.80015 0.12352 3.36831 8.78317 0.00000 0.00000
0.00003 0.00000 0.04674 1.35015 0.00000 5100.00939 3.80015 0.12352 195.50317 616.98129 0.00000 0.00000
0.00065 0.00000 0.04938 1.38348 0.00000 5170.86826 3.80015 0.12352 536.67382 521.98000 0.00000 0.00000
4524.77032 0.00000 0.05068 1.41682 0.00000 5241.72713 3.80015 0.15009 555.52902 67.80329 0.00000 0.00000
0.00065 0.00000 0.04983 1.46265 0.00000 5296.60971 3.80015 0.15009 179.24048 51.45795 0.00000 0.00000
3200.51522 0.00000 0.05205 1.50848 0.00000 5351.49230 3.80015 0.15009 -1289.76320 51.15790 0.00000 0.00000
0.00065 0.00000 0.04740 1.55432 0.00000 5406.37488 3.80015 0.15009 -198.76106 31.55629 0.00000 0.00000
3366.17123 0.00000 0.06570 1.60015 0.00000 5461.25747 3.80015 0.18607 -655.02310 84.05453 0.00000 0.00000
0.00000 0.00000 0.03515 1.66687 0.00000 5495.47727 3.80015 0.18607 951.72755 593.62311 0.00000 0.00000
3337.83353 0.00000 0.07662 1.73348 0.00000 5529.69728 3.80015 0.18607 285.28276 154.85682 0.00000 0.00000
0.00000 0.00000 0.02611 1.80015 0.00000 5563.91718 3.80015 0.18607 1776.83323 282.95921 0.00000 0.00000
0.00003 0.00000 0.04853 1.86682 0.00000 5598.13709 3.80015 0.22840 2307.09216 -13.66354 0.00000 0.00000
4779.94830 0.00000 0.09068 1.93348 0.00000 9902.33605 3.80015 0.22840 -617.84913 829.28380 0.00000 0.00000
4040.77792 0.00000 0.12620 2.00015 0.00000 14206.53501 3.80015 0.22840 381.06656 -22.58115 0.00000 0.00000
4974.86623 0.00000 0.15901 2.06682 0.00000 18510.73397 3.80015 0.22840 -385.75993 44.51277 0.00000 0.00000
6024.27487 0.00000 0.19270 2.13348 0.00000 22814.93294 3.80015 0.22907 -906.57847 50.14381 0.00000 0.00000
5977.44851 0.00000 0.18780 2.17098 0.00000 22424.99988 3.80015 0.22907 -1069.44546 5.67916 0.00000 0.00000
5866.48468 0.00000 0.18384 2.20848 0.00000 22035.06682 3.80015 0.22907 -658.83694 34.94353 0.00000 0.00000
5760.10042 0.00000 0.18006 2.24598 0.00000 21645.13375 3.80015 0.22907 -756.89222 176.49268 0.00000 0.00000
5644.08576 0.00000 0.17686 2.28348 0.00000 21255.20069 3.80015 0.21305 1001.87147 51.49033 0.00000 0.00000
7656.24396 0.00000 0.39817 2.31265 0.00000 16729.68808 3.80015 0.21305 -481.55836 -34.86506 0.00000 0.00000
0.00000 0.00000 0.00020 2.34187 0.00000 12204.17531 3.80015 0.21305 -1752.66589 -102.59246 0.00000 0.00000
0.00000 0.00000 0.05609 2.37103 0.00000 7678.66272 3.80015 0.21305 -994.30986 -117.98519 0.00000 0.00000
0.00065 0.00000 0.02534 2.40015 0.00000 3153.15023 3.80015 0.21565 549.88255 60.97208 0.00000 0.00000
3677.63274 0.00000 0.02277 2.50432 0.00000 3091.07315 3.80015 0.21565 76.48914 -58.99730 0.00000 0.00000
0.00324 0.00000 0.02949 2.60848 0.00000 3028.99607 3.80015 0.21565 349.10547 1417.25680 0.00000 0.00000
0.00013 0.00000 0.01574 2.71265 0.00000 2966.91898 3.80015 0.21565 -57.33744 62.23761 0.00000 0.00000
0.00065 0.00000 0.02233 2.81682 0.00000 2904.84190 3.80015 0.23205 309.64333 242.36543 0.00000 0.00000
0.00065 291.32122 0.66544 2.86265 531.74852 2843.55966 3.80015 0.23205 513.78199 707.94177 0.00000 0.00000
0.00003 691.17479 0.70637 2.90848 1062.65418 2782.27742 3.80015 0.23205 1370.84998 117.48895 0.00000 0.00000
0.00000 1252.97350 0.00007 2.95437 1592.83981 2720.99510 3.80015 0.23205 1971.77195 193.59536 0.00000 0.00000
0.00000 1852.25359 0.00006 3.00020 2120.85200 2659.71285 3.80015 0.22615 1395.38526 1219.84983 0.00000 0.00000
0.00013 1551.76753 0.72992 3.02932 2403.78612 2737.14240 3.80015 0.22615 1349.39291 1643.93247 0.00000 0.00000
0.00003 1893.46768 0.77244 3.05848 2686.97200 2814.57188 3.80015 0.22615 1768.34755 2226.74718 0.00000 0.00000
3178.25101 1905.93884 0.73046 3.08765 2969.80685 2892.00135 3.80015 0.22615 117.22284 4677.94214 0.00000 0.00000
0.00013 2074.62534 0.02048 3.11682 3252.87420 2969.43083 3.80015 0.20935 1.39300 5625.28707 0.00000 0.00000
0.00000 3222.15602 0.92546 3.22932 3707.23602 3019.86024 3.80015 0.20935 51.21136 6139.60185 0.00000 0.00000
0.00003 2993.81929 0.72642 3.34182 4161.32202 3070.28965 3.87606 0.20935 36.77464 5870.50451 0.00000 0.00000
0.00013 2972.22447 0.00860 3.45432 4614.54697 3120.71906 3.96923 0.20935 1548.22657 5898.32976 0.00000 0.00000
0.00065 2924.42436 0.00864 3.56682 5065.67420 3171.14847 4.06239 0.21621 2074.07688 4698.36823 0.00000 0.00000
0.00065 3095.51363 0.01559 3.75848 5314.43663 3018.52619 4.22111 0.21621 2825.56941 4984.81383 0.00000 0.00000
0.00065 3227.96195 0.00852 3.95015 5562.51949 2865.90390 4.33015 0.21621 2320.34566 4349.85687 0.00000 0.00000
0.00003 4145.66609 0.02226 4.14182 5809.88804 2713.28161 4.33015 0.21621 2695.05739 6049.12232 0.00000 0.00000
3798.74021 3526.94041 0.68501 4.33348 6055.91400 2560.65932 4.33015 0.23092 2000.68452 3957.85789 0.00000 0.00000
0.00065 3444.51116 0.68336 4.16265 5967.50431 2699.08716 4.33015 0.23092 2030.94308 4118.04410 0.00000 0.00000
0.00013 3767.70437 0.70433 3.99182 5878.90256 2837.51501 4.33015 0.23092 2475.21211 4985.11832 0.00000 0.00000
5397.99920 3702.95461 0.71278 3.82098 5790.14391 2975.94286 4.27287 0.23092 2414.15607 4723.33307 0.00000 0.00000
0.00013 3662.53741 0.70242 3.65015 5701.23464 3114.37070 4.13140 0.24610 2375.61499 4806.82072 0.00000 0.00000
0.00013 3474.42897 0.69825 3.44598 5440.09344 3219.44101 3.96232 0.24610 2463.66260 3620.46834 0.00000 0.00000
0.00000 3994.32813 0.77365 3.24182 5178.09902 3324.51131 3.80015 0.24610 4326.99241 73.05673 0.00000 0.00000
3810.98034 3961.23902 0.76536 3.03765 4915.41464 3429.58162 3.80015 0.24610 4042.24945 74.56297 0.00000 0.00000
0.00000 4005.46969 0.40358 2.83348 4652.31009 3534.65192 3.80015 0.27426 3728.51456 -64.68787 0.00000 0.00000
7957.84197 3909.81638 0.21933 2.75432 4117.87074 8162.55345 3.80015 0.27426 3442.48647 36.93586 0.00000 0.00000
0.00003 2589.44349 0.60547 2.67515 3581.17952 12790.45498 3.80015 0.27426 1312.02297 -109.12311 0.00000 0.00000
5913.09425 2153.33564 0.69684 2.59598 3043.10160 17418.35650 3.80015 0.27426 -934.64222 134.91561 0.00000 0.00000
5070.19259 1459.30311 0.68611 2.51682 2503.44430 22046.25803 3.80015 0.27359 -2320.76992 -625.18894 0.00000 0.00000
6442.69430 1345.41676 0.70330 2.40015 2125.17178 21796.99437 3.80015 0.27359 -2652.91567 -474.04928 0.00000 0.00000
5295.74017 945.88194 0.71405 2.28348 1745.89770 21547.73070 3.80015 0.27359 -3417.70927 -632.23250 0.00000 0.00000
7310.39747 796.20850 0.74095 2.16682 1365.59950 21298.46704 3.80015 0.27359 -3586.86397 -1117.42122 0.00000 0.00000
7901.49913 570.29053 0.75793 2.05015 984.30322 21049.20338 3.80015 0.24563 -2852.82933 -875.57457 0.00000 0.00000
8203.38005 430.94518 0.89090 1.98765 738.49363 20859.25643 3.80015 0.24563 -1845.95623 -296.07063 0.00000 0.00000
6484.99686 399.16431 0.99989 1.92515 492.31559 20669.30948 3.80015 0.24563 -1910.55236 -690.86081 0.00000 0.00000
5629.35157 143.86189 0.99692 1.86265 245.85711 20479.36253 3.80015 0.24563 -1412.47311 138.69939 0.00000 0.00000
0.00324 0.00000 0.02061 1.80015 0.00000 20289.41559 3.80015 0.22629 1696.03505 -566.79304 0.00000 0.00000
5539.39513 0.00000 0.17372 1.78348 0.00000 20171.79767 3.80015 0.22629 -1970.09886 -1289.26273 0.00000 0.00000
5384.12814 0.00000 0.17247 1.76682 0.00000 20054.17975 3.80015 0.22629 -2313.48042 -851.14792 0.00000 0.00000
5331.59605 0.00000 0.17109 1.75015 0.00000 19936.56184 3.80015 0.22629 -2034.89695 -1073.54147 0.00000 0.00000
5106.69597 0.00000 0.16880 1.73348 0.00000 19818.94392 3.80015 0.20846 -1076.58830 -575.50997 0.00000 0.00000
5267.82341 0.00000 0.16362 1.91682 0.00000 19604.87711 3.80015 0.20846 -2023.10153 -1155.41945 0.00000 0.00000
5133.38402 0.00000 0.16042 2.10015 0.00000 19390.81031 3.80015 0.20846 -1898.39037 -794.23594 0.00000 0.00000
5053.37290 0.00000 0.15711 2.28348 0.00000 19176.74350 3.80015 0.20846 -1387.53228 -950.09625 0.00000 0.00000
5093.30568 0.00000 0.15830 2.46682 0.00000 18962.67669 3.80015 0.17890 -1386.09925 -1011.08623 0.00000 0.00000
5094.26546 0.00000 0.15871 2.32932 0.00000 18910.66300 3.80015 0.17890 -1799.99431 -879.20367 0.00000 0.00000
4946.74443 0.00000 0.16134 2.19182 0.00000 18858.64930 3.80015 0.17890 0.48597 259.03813 0.00000 0.00000
5153.93427 0.00000 0.16021 2.05437 0.00000 18806.63546 3.80015 0.17890 -3036.35364 80.07181 0.00000 0.00000
5073.95543 0.00000 0.16270 1.91682 0.00000 18754.62191 3.80015 0.12485 -50.70058 -99.48344 0.00000 0.00000
4435.00632 0.00000 0.14567 1.70848 0.00000 14491.20249 3.80015 0.12485 -329.19519 6839.07389 0.00000 0.00000
0.00065 0.00000 0.08108 1.50015 0.00000 10227.78306 3.80015 0.12485 3.60122 1775.32066 0.00000 0.00000
0.00065 0.00000 0.05820 1.29182 0.00000 5964.36364 3.80015 0.12485 -504.62005 873.67059 0.00000 0.00000
4344.51678 0.00000 0.02860 1.08348 0.00000 1700.94421 3.80015 0.12907 1025.61782 -168.38126 0.00000 0.00000
0.00065 0.00000 0.01307 0.80848 0.00000 2139.88133 3.80015 0.12907 -218.03886 265.46599 0.00000 0.00000
0.00065 0.00000 0.02687 0.53348 0.00000 2578.81844 3.73449 0.12907 5519.93979 1652.58117 0.00000 0.00000
0.00013 0.00000 0.03241 0.25848 0.00000 3017.75556 3.52616 0.12907 -149.23943 -66.69590 0.00000 0.00000
4588.52812 0.00000 0.07179 -0.01652 0.00000 3456.69267 3.31783 0.11855 -459.67222 1328.09711 0.00000 194.72756
0.00085 0.00000 0.01254 -0.14152 0.00000 3721.98529 3.30015 0.11855 698.59166 -218.23695 0.00000 5.69096
0.00425 0.00000 0.04739 -0.26652 0.00000 3987.27791 3.30015 0.11855 1.36012 2521.09784 0.00000 1.67876
4243.97447 0.00000 0.08338 -0.39152 0.00000 4252.57052 3.30015 0.11855 -241.15616 3203.55189 0.00000 0.70899
0.00085 0.00000 0.01565 -0.51652 0.00000 4517.86314 3.30015 0.10316 25.47264 -55.58989 0.00000 124.68459
0.00085 0.00000 0.04844 -0.51652 0.00000 4668.41807 3.30015 0.10316 869.26032 -295.40105 0.00000 230.48127
3668.86355 0.00000 0.05159 -0.51652 0.00000 4818.97300 3.30015 0.10316 -775.57779 -383.92621 0.00000 9.17766
0.00425 0.00000 0.05498 -0.51652 0.00000 4969.52793 3.30015 0.10316 1352.41142 -298.80858 0.00000 1.56074
3330.69718 0.00000 0.05115 -0.51647 0.00000 5120.08277 3.30015 0.10206 194.78071 -888.70391 0.00000 4.60745
0.00003 0.00000 0.05641 -0.64568 0.00000 5270.12333 3.30015 0.10206 712.25000 306.71770 0.00000 0.61452
0.00000 0.00000 0.06051 -0.77480 0.00000 5420.16369 3.30015 0.10206 2262.28376 -558.55904 0.00000 0.57953
0.00000 0.00000 0.06758 -0.90397 0.00000 5570.20416 3.30015 0.10206 990.77943 4502.56609 0.00000 0.55686
6918.99793 0.00000 0.10867 -1.03318 0.00000 5720.24473 3.30015 0.10213 -1875.98263 -9.97229 0.00000 0.42756
0.00085 0.00000 0.04807 -1.10818 0.00000 5853.57531 3.30015 0.10213 1058.01913 -549.83903 0.00000 1.21766
4763.30299 0.00000 0.12631 -1.18318 0.00000 5986.90590 3.30015 0.10213 -583.21296 -190.56458 0.00000 1.01391
0.00085 0.00000 0.03297 -1.25818 0.00000 6120.23649 3.30015 0.10213 565.81052 -381.28460 0.00000 6.20913
4308.90011 0.00000 0.12710 -1.33318 0.00000 6253.56707 3.30015 0.11514 -265.90852 -410.80150 0.00000 0.67986
0.00000 0.00000 0.02976 -1.36647 0.00000 6317.78608 3.30015 0.11514 -1028.28178 701.88140 0.00000 0.99439
0.00000 0.00000 0.07099 -1.39980 0.00000 6382.00520 3.30015 0.11514 -422.23614 197.05138 0.00000 0.83481
5040.40773 0.00000 0.09038 -1.43313 0.00000 6446.22431 3.30015 0.11514 6216.78931 -315.67851 0.00000 0.63459
0.00000 0.00000 0.05964 -1.46647 0.00000 6510.44343 3.30015 0.14034 -1261.99237 773.57264 0.00000 0.59763
3834.24906 0.00000 0.07008 -1.29147 0.00000 6553.56752 3.30015 0.14034 -459.03485 -249.15172 0.00000 0.87545
0.00000 0.00000 0.06858 -1.11647 0.00000 6596.69160 3.30015 0.14034 6051.96954 8044.64857 0.00000 0.61293
4033.41877 0.00000 0.06902 -0.94147 0.00000 6639.81569 3.30015 0.14034 -1274.98449 -37.16744 0.00000 0.42143
0.00000 0.00000 0.06898 -0.76647 0.00000 6682.93977 3.30015 0.15279 -676.92830 -563.07910 0.00000 1.46497
5302.49231 0.00000 0.11692 -0.67068 0.00000 10953.71510 3.30015 0.15279 -1564.68527 -711.81303 0.00000 0.60298
4912.80937 0.00000 0.15558 -0.57485 0.00000 15224.49031 3.30015 0.15279 -1839.07178 -195.17374 0.00000 0.86495
5987.49327 0.00000 0.19162 -0.47902 0.00000 19495.26552 3.30015 0.15279 -1889.22643 -652.93224 0.00000 0.86740
7209.10949 0.00000 0.23096 -0.38318 0.00000 23766.04073 3.30015 0.16112 -1972.70696 -614.97671 0.00000 0.86530
7179.98375 0.00000 0.22596 -0.37480 0.00000 23378.10816 3.30015 0.16112 -2119.67200 -626.33693 0.00000 0.86430
7055.19573 0.00000 0.22199 -0.36647 0.00000 22990.17575 3.30015 0.16112 -2244.23578 -670.68998 0.00000 0.86340
6935.35764 0.00000 0.21802 -0.35813 0.00000 22602.24333 3.30015 0.16112 -2321.62734 -679.03566 0.00000 0.86256
6796.20329 0.00000 0.21291 -0.34980 0.00000 22214.31092 3.30015 0.16200 -2310.87204 -600.68357 0.00000 0.86171
5538.62031 0.00000 0.16831 -0.27897 0.00000 17691.24050 3.30015 0.16200 -1791.57638 -525.83353 0.00000 0.86097
0.00085 0.00000 0.12952 -0.20818 0.00000 13168.17022 3.30015 0.16200 98.23424 287.14536 0.00000 5.85744
6103.95726 0.00000 0.09015 -0.13735 0.00000 8645.09980 3.30015 0.16200 -1529.42606 -104.70096 0.00000 141.97553
0.00017 0.00000 0.03602 -0.06652 0.00000 4122.02937 3.30015 0.16152 625.66378 -91.41901 0.00000 73.65569
0.00085 0.00000 0.03784 0.26265 0.00000 4224.71000 3.52932 0.16152 328.15038 506.18020 0.00000 1694.32176
0.00000 0.00000 -0.00000 0.59187 0.00000 4327.39053 3.77869 0.16152 -370.67453 -50.90782 0.00000 1164.57937
0.00000 0.00000 0.00020 0.92103 0.00000 4430.07116 3.80015 0.16152 -298.02457 -101.57808 0.00000 982.07671
0.00000 0.00000 -0.00000 1.25020 0.00000 4532.75178 3.80015 0.16621 -388.33843 -61.40206 0.00000 884.25272
0.00000 280.48614 1.00000 1.53353 506.78080 4498.50537 3.80015 0.16621 -208.58822 269.67235 0.00000 1111.56953
0.00000 570.14744 0.00391 1.81687 1013.28459 4464.25896 3.80015 0.16621 1186.88483 -108.87444 0.00000 1107.56627
0.00000 859.15310 0.00158 2.10020 1516.52151 4430.01255 3.80015 0.16621 -313.12366 -89.94173 0.00000 1043.12250
0.00000 1145.66830 0.05724 2.38353 2017.42738 4395.76614 3.80015 0.16669 -454.36744 212.98650 0.00000 1148.06593
0.00000 1321.95757 0.08844 2.34187 2329.65761 4472.70142 3.80015 0.16669 2789.40253 319.76022 0.00000 1546.06265
0.00000 1499.15295 0.10415 2.30020 2641.56263 4549.63670 3.80015 0.16669 2761.15824 527.51199 0.00000 1592.10387
0.00000 1674.82025 0.13309 2.25853 2953.11370 4626.57198 3.80015 0.16669 3001.86490 -53.77479 0.00000 1658.89385
0.00000 1852.95884 0.20790 2.21682 3264.27821 4703.50736 3.80015 0.16619 2876.50991 72.35879 0.00000 1657.83943
3464.55870 2107.21105 0.44421 2.11682 3710.59671 4794.04980 3.80015 0.16619 2762.48762 116.81439 0.00000 1670.77225
0.00000 2360.38881 0.21211 2.01682 4156.82469 4884.59225 3.80015 0.16619 1338.97114 -13.98250 0.00000 1465.20226
4655.05066 2615.44203 0.25030 1.91682 4602.22344 4975.13470 3.80015 0.16619 2334.09056 2036.06884 0.00000 1668.45782
4194.00189 2869.62147 0.23444 1.81682 5047.11728 5065.67715 3.80015 0.16958 2148.63665 4030.04766 0.00000 1660.24402
4681.24073 2838.99946 0.26633 1.75432 4994.66421 5215.41296 3.80015 0.16958 2016.86654 4642.15930 0.00000 1631.10999
0.00000 2806.23440 0.21879 1.69182 4942.25031 5365.14878 3.80015 0.16958 1963.51884 448.13280 0.00000 1526.58057
3557.23974 2775.30864 0.30348 1.62932 4889.66393 5514.88459 3.80015 0.16958 1909.75817 1168.90153 0.00000 1510.19750
0.00000 2744.17345 0.96245 1.56682 4836.46303 5664.62041 3.80015 0.18985 1876.67807 1778.15059 0.00000 1507.53401
0.00000 2343.27622 0.66842 1.56682 4136.79435 5669.50116 3.80015 0.18985 1835.10737 531.74086 0.00000 1447.49588
3665.55990 1942.71731 0.66956 1.56682 3434.56320 5674.38192 3.80015 0.18985 1442.91439 633.37919 0.00000 1325.36829
0.00000 1535.41098 0.44589 1.56682 2730.28954 5679.26268 3.80015 0.18985 1106.12335 -171.37963 0.00000 1257.04481
3310.43013 1138.66962 0.68088 1.56682 2023.28992 5684.14343 3.80015 0.20212 -394.35515 414.60784 0.00000 1020.59310
4136.20260 1388.68607 0.70863 1.30015 2474.63893 5879.10723 3.80015 0.20212 323.88096 -182.05008 0.00000 1075.43480
0.00000 1649.47505 0.69671 1.03348 2926.05896 6074.07102 3.80015 0.20212 2202.25909 2129.83776 0.00000 1113.53116
4878.46406 1904.46917 0.71105 0.76682 3377.48410 6269.03481 3.80015 0.20212 520.92708 208.19900 0.00000 849.75776
5665.49761 2162.04123 0.72017 0.50015 3828.94582 6463.99861 3.70924 0.24326 1488.66091 3997.52245 0.00000 692.30116
0.00017 2085.92677 0.72870 0.18348 3303.55554 10936.12835 3.46934 0.24326 2034.52707 -445.81050 0.00000 411.00354
9998.97333 1748.74300 0.74978 -0.13318 2775.55185 15408.25810 3.30016 0.24326 2390.52232 3608.70548 0.00000 198.26581
7652.64554 1416.75411 0.99996 -0.44985 2244.71819 19880.38785 3.30015 0.24326 2652.65549 -184.05886 0.00000 0.52850
7416.39047 1080.54825 0.99999 -0.76652 1711.53383 24352.51759 3.30015 0.25396 -761.94159 -342.73498 0.00000 0.52625
7400.83563 899.12440 1.00000 -1.05818 1424.02695 24123.37412 3.30015 0.25396 456.55149 -181.02819 0.00000 0.52621
7341.14067 717.03913 1.00000 -1.34985 1135.49292 23894.23064 3.30015 0.25396 -550.92382 -422.39300 0.00000 0.52618
7273.72203 534.46405 1.00000 -1.64151 845.93172 23665.08715 3.30015 0.25396 -727.77841 -449.68301 0.00000 0.52615
7204.94908 351.10855 1.00000 -1.93316 555.34337 23435.94362 3.30015 0.23720 -1624.79199 -382.26682 0.00000 0.52627
7154.95538 263.64707 1.00000 -2.19147 416.79923 23288.89579 3.30015 0.23720 -1640.28355 -278.83144 0.00000 0.52622
7109.71091 175.98650 1.00000 -2.44980 277.89399 23141.84799 3.30015 0.23720 -1500.79752 -488.46516 0.00000 0.52615
7065.30030 88.10130 1.00000 -2.70813 138.62763 22994.80021 3.30015 0.23720 -1597.72804 -225.33843 0.00000 0.52615
3091.68335 0.00000 0.17725 -2.96647 0.00000 22847.75244 3.30015 0.22448 -215.99668 -359.57906 0.00000 0.52615
6901.03651 0.00000 0.26627 -3.12897 0.00000 22794.55701 3.30015 0.22448 -1927.74469 -452.16832 0.00000 0.52616
7020.80833 0.00000 0.26959 -3.29147 0.00000 22741.36158 3.30015 0.22448 -1957.22324 -445.92043 0.00000 0.52616
7220.83651 0.00000 0.27251 -3.45397 0.00000 22688.16615 3.20567 0.22448 -2011.06288 -396.67605 0.00000 0.52616
7408.14709 0.00000 0.27141 -3.61652 0.00000 22634.97087 3.09123 0.21396 -2352.86233 -389.25907 0.00000 0.52615
7387.24657 0.00000 0.26955 -3.62063 0.00000 22503.84082 3.08829 0.21396 -2314.38602 -405.49373 0.00000 0.52616
7346.22083 0.00000 0.26800 -3.62480 0.00000 22372.71093 3.08536 0.21396 -2300.80135 -429.20646 0.00000 0.52616
7309.22083 0.00000 0.26645 -3.62897 0.00000 22241.58104 3.08243 0.21396 -2308.35314 -452.39576 0.00000 0.52616
7328.60189 0.00000 0.26900 -3.63313 0.00000 22110.45114 3.07949 0.18609 -2341.32028 -476.97232 0.00000 0.52616
7587.18831 0.00000 0.27164 -3.79152 0.00000 22055.59725 2.96799 0.18609 -2793.53022 -722.28121 0.00000 0.52613
7867.36406 0.00000 0.27418 -3.94985 0.00000 22000.74321 2.85649 0.18609 -3126.15592 -772.65417 0.00000 0.52614
8004.97656 0.00000 0.27689 -4.10818 0.00000 21945.88917 2.80015 0.18609 -1960.92490 -512.36832 0.00000 0.52617
8077.00311 0.00000 0.28622 -4.26652 0.00000 21891.03512 2.80015 0.14847 -606.31508 -1299.44234 0.00000 0.52619
6702.90706 0.00000 0.23958 -4.65402 0.00000 17671.46479 2.80015 0.14847 -72.19005 -123.96461 0.00000 0.52616
5222.14218 0.00000 0.18933 -5.04147 0.00000 13451.89431 2.80015 0.14847 2954.36981 -41.37139 0.00000 0.52617
4205.56761 0.00000 0.16647 -5.42902 0.00000 9232.32413 2.80015 0.14847 326.36314 3412.21912 0.00000 0.52668
0.00017 0.00000 0.05681 -5.81652 0.00000 5012.75379 2.80015 0.16432 413.74868 -251.62531 0.00000 0.52613
4738.37510 0.00000 0.17712 -6.03730 0.00000 5453.13665 2.80015 0.16432 -1019.11433 -15.72425 0.00000 0.52594
0.00000 0.00000 0.04216 -6.25813 0.00000 5893.51960 2.80015 0.16432 1296.03674 270.77300 0.00000 0.52594
4690.58444 0.00000 0.20046 -6.47897 0.00000 6333.90256 2.80015 0.16432 453.93189 -8.38581 0.00000 -0.00000
