50.00000 50.00000 50.00000 50.00000 0.00000 2000.00000 2000.00000 0.00000 0.00000
49.93747 49.93747 49.93747 49.93747 900.00000 1999.88565 2000.08605 0.00003 -0.00000
50.04444 64.46264 62.45367 49.99649 1800.00000 1962.75871 2000.51132 0.00003 -0.00000
58.41884 69.99776 67.78371 52.27553 2700.00000 2090.94129 2000.47116 0.00003 -0.00000
58.59247 68.50213 68.49055 52.58318 3600.00000 2088.62418 2002.32493 0.00003 -0.00000
58.78721 68.09531 68.07971 52.89898 4500.00000 2130.74997 2013.21610 0.00003 -0.00000
58.96390 67.70430 67.68935 53.19689 5400.00000 2131.94012 2014.82288 0.00003 -0.00000
59.09423 67.35322 67.34245 53.43622 6300.00000 2341.05393 2049.85229 0.00003 -0.00000
59.24134 66.99452 66.98046 53.65996 7200.00000 2301.51854 2186.97034 0.00003 -0.00000
59.34849 66.66884 66.65841 53.82920 8100.00000 2438.10699 2203.74984 0.00003 -0.00000
59.47170 66.33421 66.32049 53.98574 9000.00000 2606.79565 2205.02401 0.00003 -0.00000
59.55812 66.02993 66.01952 54.01229 9900.00000 2515.34825 2171.17962 0.00003 -0.00000
59.63557 65.73521 65.72455 53.93294 10800.00000 2529.42236 2162.13835 0.00003 -0.00000
59.72710 65.42598 65.41157 53.77278 11700.00000 2739.00965 2176.10906 0.00003 -0.00000
59.78340 65.14494 65.13378 53.48538 12600.00000 2068.45163 2880.28775 0.00003 -0.00000
64.61199 69.99874 68.15182 58.31975 13500.00000 2353.06706 3325.32697 0.00003 -0.00000
64.63576 68.82000 68.80800 57.78575 14400.00000 2445.10277 3916.49937 0.00003 -0.00000
64.65100 68.55944 68.54643 57.14957 15300.00000 2747.23606 3930.30487 0.00003 -0.00000
64.67537 68.27516 68.25729 56.44536 16200.00000 2843.62614 3969.69902 0.00003 -0.00000
64.69220 67.98510 67.96546 55.65298 17100.00000 2793.76387 4066.80440 0.00003 -0.00000
64.70016 67.69188 67.67066 54.77150 18000.00000 2784.79008 4075.78871 0.00003 -0.00000
64.69040 67.41425 67.39451 53.76955 18900.00000 3253.04598 4189.93407 0.00003 -0.00000
64.68913 67.09417 67.06639 52.74969 19800.00000 3398.91205 4129.30208 0.00003 -0.00000
64.68175 66.75308 66.72132 51.69538 20700.00000 3563.81876 4201.63286 0.00003 -0.00000
64.66884 66.38360 66.34633 50.62647 21600.00000 3594.91754 4154.75442 0.00003 -0.00000
64.63418 66.05180 66.01965 49.41498 22500.00000 4095.06738 4247.53486 0.00003 -0.00000
64.66127 65.12320 64.99969 49.35356 23400.00000 4112.50181 4313.38459 0.00003 -0.00000
65.65501 69.94781 68.30563 48.66793 24300.00000 4070.75181 4379.53421 0.00003 -0.00000
67.74574 69.96375 68.06513 48.69506 25200.00000 4038.43872 4218.81934 0.00003 -0.00000
69.02075 69.82064 67.43422 48.82513 26100.00000 4070.39203 4194.31921 0.00003 -0.00000
69.64146 69.97321 67.05297 48.73200 27000.00000 3916.16575 4015.67756 0.00003 -0.00000
69.79944 69.97119 67.11127 48.75034 27900.00000 3827.99709 4029.32810 0.00003 -0.00000
69.84999 69.96959 67.16401 48.76867 28800.00000 3690.20993 4100.91109 0.00003 -0.00000
69.87678 69.99438 67.23213 48.76689 29700.00000 3258.35988 4106.07306 0.00003 -0.00000
69.87852 69.96397 67.25157 48.81371 30600.00000 3245.22120 4172.77717 0.00003 -0.00000
69.81110 69.99386 67.83489 48.82100 31500.00000 3030.67686 4195.76875 0.00003 -0.00000
69.76641 69.97666 68.30660 50.23140 32400.00000 3011.55893 4739.22539 0.00003 -0.00000
69.40157 67.18468 66.89816 48.88001 33300.00000 3183.88589 4682.12991 0.00003 -0.00000
69.24960 66.75629 66.71586 48.83333 34200.00000 3413.69903 4907.00371 0.00003 -0.00000
69.06228 66.36093 66.30595 48.83082 35100.00000 3528.92152 4689.47622 0.00003 -0.00000
68.79019 65.76509 65.68051 49.14355 36000.00000 3571.30921 4646.33175 0.00003 -0.00000
68.56299 65.33050 65.27042 48.84946 36900.00000 3836.52823 4535.86598 0.00003 -0.00000
68.24114 64.72961 64.64212 48.84944 37800.00000 4541.74315 4773.29765 0.00003 -0.00000
61.23839 61.18692 61.19272 61.14994 38700.00000 4595.78908 4776.09051 0.00003 -0.00000
60.88733 60.77116 60.73274 60.53934 39600.00000 4810.65380 4577.06449 0.00003 -0.00000
60.40541 60.27968 60.23795 60.02720 40500.00000 4872.36685 4591.42472 0.00003 -0.00000
59.89461 59.75376 59.70793 59.47086 41400.00000 5313.19171 4794.22597 0.00003 -0.00000
59.40992 59.21611 59.16255 58.81503 42300.00000 5429.46617 5503.38898 0.00003 -0.00000
58.77316 58.62106 58.57073 58.31474 43200.00000 5121.59706 5837.77064 0.00003 -0.00000
58.14128 58.00960 57.96007 57.74455 44100.00000 5164.19421 5924.65220 0.00003 -0.00000
57.56866 57.39167 57.33487 57.03598 45000.00000 5485.94052 5969.15011 0.00003 -0.00000
56.93818 56.74004 56.67923 56.34096 45900.00000 6041.06292 6461.24565 0.00003 -0.00000
56.24896 56.05408 55.99185 55.66240 46800.00000 6397.29850 6634.47167 0.00003 -0.00000
55.54770 55.34454 55.27949 54.93622 47700.00000 6276.42251 6693.77990 0.00003 -0.00000
54.82203 54.60856 54.54052 54.17944 48600.00000 6449.73706 6863.79526 0.00003 -0.00000
59.96083 61.67672 59.80540 57.33299 49500.00000 6985.69782 6892.17100 0.00003 -0.00000
59.20385 58.96884 58.90582 58.56373 50400.00000 6971.69383 6880.22001 0.00003 -0.00000
58.43259 58.18938 58.11403 57.69854 51300.00000 6963.66289 6898.24234 0.00003 -0.00000
57.62648 57.37202 57.29445 56.86000 52200.00000 7040.20371 6859.77637 0.00003 -0.00000
56.76531 56.52331 56.44532 56.03687 53100.00000 7382.94319 6556.75877 0.00003 -0.00000
55.91127 55.65666 55.57546 55.14486 54000.00000 7675.07555 6540.02306 0.00003 -0.00000
59.20932 60.39775 59.00879 56.88168 54900.00000 8274.41142 6563.62585 0.00003 -0.00000
58.29561 58.02561 57.94631 57.52705 55800.00000 8830.49904 7347.23711 0.00003 -0.00000
57.35347 57.08784 57.00024 56.55377 56700.00000 9242.57134 7143.34880 0.00003 -0.00000
56.39642 56.11791 56.02725 55.55827 57600.00000 9233.32344 7106.11335 0.00003 -0.00000
58.68955 59.42205 58.34491 56.79302 58500.00000 9254.38272 6744.81508 0.00003 -0.00000
61.23792 62.07804 60.90502 59.16470 59400.00000 9015.56736 6691.64211 0.00003 -0.00000
62.85821 63.20815 61.96711 59.74687 60300.00000 8760.42485 6559.47035 0.00003 -0.00000
64.14525 64.40112 62.76660 59.93076 61200.00000 8442.93609 6326.61891 0.00003 -0.00000
65.57705 65.85855 63.71310 60.05936 62100.00000 8066.40499 6154.83109 0.00003 -0.00000
68.54211 69.19337 66.22593 62.17199 63000.00000 7433.22629 5625.19716 0.00003 -0.00000
69.26624 69.47207 67.08032 63.58908 63900.00000 7194.18266 5514.32320 0.00003 -0.00000
69.43716 69.50576 67.31592 64.02400 64800.00000 7809.77966 6031.52295 0.00003 -0.00000
69.80085 69.92709 67.77905 64.92907 65700.00000 8456.86127 6580.68618 0.00003 -0.00000
69.16150 66.64247 66.12374 47.24786 66600.00000 8525.23239 6584.67890 0.00003 -0.00000
69.02692 69.82775 66.62609 47.37014 67500.00000 8275.92144 6664.95411 0.00003 -0.00000
69.53472 69.99449 67.00422 47.27319 68400.00000 7843.34009 6504.18851 0.00003 -0.00000
69.75488 69.96764 67.06215 47.31299 69300.00000 7511.70213 6426.18269 0.00003 -0.00000
69.82888 69.96601 67.10217 47.37871 70200.00000 7224.66590 6438.37277 0.00003 -0.00000
69.85654 69.96511 67.12527 47.44427 71100.00000 6888.97294 6427.04905 0.00003 -0.00000
69.76705 69.71546 66.93575 47.61967 72000.00000 6722.83774 6348.80455 0.00003 -0.00000
69.77821 69.96687 67.14243 47.57497 72900.00000 6432.48348 6267.13798 0.00003 -0.00000
69.84758 69.99417 67.20173 47.59484 73800.00000 6026.04726 6091.95386 0.00003 -0.00000
69.86937 69.96427 67.19532 47.65875 74700.00000 5726.11999 6052.55511 0.00003 -0.00000
69.87090 69.96414 67.20844 47.70045 75600.00000 5441.37378 5900.24461 0.00003 -0.00000
69.87126 69.96406 67.22113 47.74217 76500.00000 5171.69634 5739.86130 0.00003 -0.00000
69.77065 69.70578 67.01993 47.85365 77400.00000 5154.98630 5507.11237 0.00003 -0.00000
69.77738 69.96717 67.22692 47.74210 78300.00000 4852.50569 5316.38474 0.00003 -0.00000
69.83645 69.96772 67.25460 47.74262 79200.00000 4533.37673 5174.82178 0.00003 -0.00000
69.86089 69.97051 67.27243 47.74301 80100.00000 4260.57235 4905.80942 0.00003 -0.00000
69.87411 69.97883 67.29447 47.71152 81000.00000 4228.97228 4686.40779 0.00003 -0.00000
69.81387 70.00000 67.86882 47.64286 81900.00000 3459.41094 4885.01520 0.00003 -0.00000
68.54330 64.43550 63.85415 47.61108 82800.00000 3381.25457 4851.53712 0.00003 -0.00000
68.17213 69.97090 68.36668 48.24680 83700.00000 3801.92120 5694.83185 0.00003 -0.00000
68.12751 68.64126 68.57517 48.49014 84600.00000 4273.04445 5845.25342 0.00003 -0.00000
68.05802 68.10298 68.03801 48.47177 85500.00000 4521.67209 5815.25652 0.00003 -0.00000
67.96703 67.55164 67.48258 48.26565 86400.00000 4851.63745 5913.76407 0.00003 -0.00000
67.84815 66.94292 66.86348 47.96817 87300.00000 5537.55084 5993.19122 37440.00000 -0.00000
67.67627 66.17965 66.07596 47.80663 88200.00000 5505.96555 6102.31664 37976.76505 -0.00000
67.43220 65.31362 65.19447 47.69423 89100.00000 5467.95336 6053.64961 38198.16052 -0.00000
67.09658 64.36374 64.23150 47.61918 90000.00000 5322.66562 6385.60642 38384.03352 -0.00000
66.65443 63.34890 63.20644 47.55844 90900.00000 5220.88896 6590.18897 38515.01312 -0.00000
66.14767 62.37754 62.23943 47.24176 91800.00000 5236.14768 6456.97962 38598.40547 -0.00000
65.48023 61.27785 61.12117 47.21124 92700.00000 5230.69609 7116.13500 38767.77354 -0.00000
64.72812 60.20177 60.04819 47.04259 93600.00000 5221.96749 7394.14136 38849.06606 -0.00000
64.76559 69.95839 68.13432 47.36826 94500.00000 5153.17017 7426.14287 38969.44224 -0.00000
65.28906 67.10519 66.84372 47.58613 95400.00000 5127.81074 7403.66830 39234.89397 -0.00000
65.35035 65.76652 65.59547 46.61833 96300.00000 5143.13037 7179.30772 39345.38607 -0.00000
66.05732 69.96291 68.52856 49.03523 97200.00000 5127.89332 7307.22701 39501.43138 -0.00000
66.30406 67.92453 67.74118 47.92285 98100.00000 5234.29082 7185.82573 39688.65318 -0.00000
66.32768 66.85154 66.71164 46.21971 99000.00000 5224.72182 7103.61738 39849.50189 -0.00000
66.20631 65.10891 64.87070 46.06190 99900.00000 5306.44242 7135.08946 39879.99656 -0.00000
65.81233 63.39753 63.16683 45.92774 100800.00000 5300.40618 7156.46496 39914.93467 -0.00000
65.18185 61.76450 61.54144 45.79272 101700.00000 5318.81721 7322.20519 39966.83376 -0.00000
65.30635 69.95303 68.20223 46.20806 102600.00000 5315.73708 7560.40571 39985.07995 -0.00000
65.72374 67.07796 66.80160 45.83342 103500.00000 5347.66777 7429.07380 40116.09281 -0.00000
65.70840 64.92594 64.64357 45.82045 104400.00000 5470.50026 7453.65959 40195.45261 -0.00000
66.11276 69.95143 68.47640 46.90169 105300.00000 5487.32921 7331.58391 40242.14845 -0.00000
66.38715 67.48300 67.23838 45.76754 106200.00000 6471.45347 7924.37827 40295.59153 -0.00000
67.23123 70.00000 68.50909 49.44332 107100.00000 6561.72286 8177.46948 40301.10413 -0.00000
67.24102 68.66745 68.58875 45.95496 108000.00000 6887.03632 8073.42011 40315.64953 -0.00000
67.23064 66.27915 65.95251 46.18358 108900.00000 6892.91857 8082.24891 40357.71710 -0.00000
67.33987 69.95033 68.83327 45.68034 109800.00000 6641.41387 7659.86521 40358.14983 -0.00000
67.23979 64.91315 64.32060 45.26884 110700.00000 6576.06307 7509.97970 40358.34922 -0.00000
67.60951 69.94803 67.26961 45.19048 111600.00000 6214.40862 7279.89902 40358.54711 -0.00000
68.95071 69.95611 67.15461 45.11097 112500.00000 5852.37596 7042.99179 40358.74543 -0.00000
69.64401 69.99999 66.70261 45.05358 113400.00000 5450.18912 6881.23846 40358.94714 -0.00000
69.81096 69.99227 66.76066 45.04296 114300.00000 4900.30550 6521.24078 40359.08725 -0.00000
69.85032 69.95220 66.78575 45.05512 115200.00000 4576.76573 6392.54889 40359.29406 -0.00000
69.85411 69.94959 66.83324 45.03781 116100.00000 4312.99979 6367.59190 40373.82173 -0.00000
69.85166 69.94345 66.87724 45.01198 117000.00000 4291.61567 6191.04165 40382.93481 -0.00000
69.78728 69.97918 67.45111 45.51654 117900.00000 4343.15592 6469.87154 40386.68335 -0.00000
69.73880 69.96643 68.11298 45.79662 118800.00000 4376.26470 6831.32534 40395.44387 -0.00000
69.15680 66.03073 65.60324 45.02961 119700.00000 4401.08116 6857.87844 40413.65402 -0.00000
68.72179 64.84418 64.69552 45.13066 120600.00000 4796.19711 7135.50825 40420.85710 -0.00000
68.21668 63.82365 63.67617 44.98361 121500.00000 4742.63528 7165.63240 40465.90178 -0.00000
67.59863 62.73682 62.57804 44.83106 122400.00000 5024.18832 7450.80411 40573.01053 -0.00000
67.40789 62.44688 62.40577 42.26528 123300.00000 5279.89404 7306.34260 40715.31061 -0.00000
67.17103 69.67253 68.17915 42.78107 124200.00000 5362.54933 7409.48217 40804.52517 -0.00000
67.12932 68.54264 68.49835 39.98264 125100.00000 5371.23695 7367.60545 40891.03968 -0.00000
67.12292 66.49345 66.20643 40.53013 126000.00000 5516.85556 7256.11786 40979.87116 -0.00000
67.02394 65.99349 65.94384 37.44266 126900.00000 6329.09416 7660.92698 41037.27749 -0.00000
66.64120 63.82990 63.52153 38.31346 127800.00000 6055.19244 7632.66428 41078.27153 -0.00000
57.30971 57.10985 57.01658 56.68799 128700.00000 6326.69152 7579.00727 41200.33936 -0.00000
57.23719 56.97757 56.97040 52.67300 129600.00000 6874.23927 7583.95900 41244.44354 -0.00000
57.16406 56.84770 56.83396 48.66257 130500.00000 7245.38785 7573.81280 41401.58469 -0.00000
57.08941 56.67511 56.65483 44.65523 131400.00000 7652.87491 7632.20130 41798.70923 -0.00000
56.83046 55.37711 55.18538 43.20239 132300.00000 8036.17739 7633.68277 42272.51623 -0.00000
56.13469 53.57233 53.33380 43.02978 133200.00000 8372.94859 7637.53045 42746.79371 -0.00000
55.09031 51.88386 51.66375 42.86247 134100.00000 8696.12348 7562.80149 43127.88590 -0.00000
53.77422 50.30657 50.10164 42.70238 135000.00000 8977.91558 7568.45058 43531.32148 -0.00000
54.06333 56.75529 54.83243 46.79103 135900.00000 9199.73819 8086.49078 43710.89271 -0.00000
54.29457 53.53637 53.26191 46.62115 136800.00000 9571.25349 8604.14621 43732.41116 -0.00000
59.28465 61.69684 59.08697 55.39768 137700.00000 9932.85690 8490.31218 43778.92307 -0.00000
59.44147 59.30718 59.14027 52.72238 138600.00000 10211.37513 8383.94044 43914.94602 -0.00000
59.36783 59.07016 59.05206 48.21529 139500.00000 10504.14725 8317.38441 44125.79318 -0.00000
59.27213 58.63807 58.57253 44.26563 140400.00000 10745.27378 8264.89259 44174.33298 -0.00000
58.95398 57.13040 56.90989 42.74613 141300.00000 11096.86236 8149.08031 44174.60226 -0.00000
59.82278 64.18947 62.10892 45.64280 142200.00000 11285.61743 8758.31002 44310.67756 -0.00000
60.36124 59.29469 58.86014 48.00519 143100.00000 11625.57020 8737.54160 44310.83768 -0.00000
56.55637 55.20674 55.09857 54.25820 144000.00000 11893.42219 8788.04264 44400.78918 -0.00000
58.59224 60.52081 58.92056 54.32678 144900.00000 12251.67789 8697.30909 44401.21255 -0.00000
63.23590 65.13616 63.04965 59.02981 145800.00000 12432.79824 8657.38240 44401.37196 -0.00000
60.92110 60.09799 59.83883 58.51169 146700.00000 12139.96838 8687.08736 44401.87687 -0.00000
68.30123 69.99795 66.58528 62.71359 147600.00000 12516.80767 9594.19640 44402.46087 -0.00000
62.93424 61.85222 61.39239 59.67207 148500.00000 11680.88652 9802.81742 44629.27958 -0.00000
66.94517 67.66527 64.48827 60.88329 149400.00000 11759.29823 10128.21678 44629.54174 -0.00000
69.47346 70.00000 67.09426 63.66986 150300.00000 11826.19064 9901.95474 44629.79392 -0.00000
69.89044 70.00000 67.65096 64.56633 151200.00000 11750.24481 9637.80482 44630.04723 -0.00000
68.05914 67.52894 65.71717 62.07622 152100.00000 11131.28122 8909.57840 44630.24439 -0.00000
69.60215 70.00000 67.33703 64.11464 153000.00000 10531.25584 8414.22233 44630.57387 -0.00000
69.30302 69.21111 67.05192 63.56094 153900.00000 10178.65760 8266.20004 44630.89724 -0.00000
69.83181 70.00000 67.67154 64.67386 154800.00000 9983.62689 8183.54982 44631.20677 -0.00000
69.95381 70.00000 67.84819 64.96849 155700.00000 9873.48797 7227.23607 44631.49553 -0.00000
69.19137 66.40492 65.81761 46.52976 156600.00000 9901.56427 7231.11664 44631.75680 -0.00000
69.05740 69.96685 66.51036 46.80234 157500.00000 9214.61095 7115.04204 44631.95410 -0.00000
69.59911 70.00000 66.79000 47.01786 158400.00000 8579.48848 7051.20044 44632.14741 -0.00000
69.78683 69.96279 66.82661 47.29259 159300.00000 8053.66388 6943.26345 44632.34567 -0.00000
69.85939 70.00000 66.88978 47.51786 160200.00000 7529.61702 6797.35208 44632.53981 -0.00000
69.87681 69.96125 66.87384 47.80349 161100.00000 7049.14250 6713.41692 44632.75378 -0.00000
69.75819 69.69899 66.66608 48.17494 162000.00000 6800.39328 6655.11248 44633.05076 -0.00000
69.79501 70.00000 66.90092 48.28571 162900.00000 6491.20911 6586.36074 44633.34170 -0.00000
69.86125 69.96135 66.92436 48.15979 163800.00000 6064.60311 6407.68214 44633.56827 -0.00000
69.89407 69.99999 66.97460 47.97620 164700.00000 5602.65769 6227.28776 44633.79335 -0.00000
69.91316 70.00000 66.99089 47.82143 165600.00000 5096.57974 6030.86598 44634.01376 -0.00000
65.41428 59.68254 58.76781 47.13293 166500.00000 4561.97669 5821.56092 44634.22969 -0.00000
65.84205 68.90548 64.73577 47.40496 167400.00000 4045.44814 5607.21596 44634.44127 -0.00000
64.19979 59.81593 58.99585 45.52317 168300.00000 3653.38970 5385.50908 44634.64876 -0.00000
61.01398 55.62203 55.11213 43.68371 169200.00000 3379.50714 5181.82516 44634.85385 -0.00000
58.66515 53.21388 52.90422 42.79010 170100.00000 3331.41545 5088.35698 44761.76342 -0.00000
57.63732 52.25814 52.13177 42.92582 171000.00000 3392.53720 5025.76397 44916.32758 -0.00000
56.61422 51.43703 51.31528 42.67608 171900.00000 3232.38633 5026.21565 45516.18730 -0.00000
55.57626 50.61214 50.48872 42.16529 172800.00000 3233.90942 5077.70140 45999.99990 -0.00000
56.89415 69.03928 65.73768 43.09566 173700.00000 3119.24088 5464.49112 0.00000 -0.00000
60.61485 69.56808 68.07723 45.18156 174600.00000 2701.09289 4838.93361 0.00000 -0.00000
62.19830 65.85644 65.47122 45.75164 175500.00000 2941.33180 5267.82797 0.00000 -0.00000
63.97586 69.85729 68.26359 47.57804 176400.00000 2649.12016 4465.55232 0.00000 -0.00000
64.80842 66.46864 66.12025 47.44907 177300.00000 3294.83241 3430.59149 0.00000 -0.00000
64.84269 64.05666 63.74527 47.05062 178200.00000 3762.23487 2549.35050 0.00000 -0.00000
65.42676 69.99543 68.35221 47.37233 179100.00000 3197.30845 1888.69066 0.00000 -0.00000
65.92324 66.73091 66.39240 46.63403 180000.00000 3181.28605 1898.59365 0.00000 -0.00000
66.49228 70.00006 68.72547 46.63685 180900.00000 2373.40525 1914.78153 0.00000 -0.00000
66.79822 66.67262 66.30115 46.30813 181800.00000 2434.74583 1917.16640 0.00000 -0.00000
67.20100 70.00049 68.62571 46.97598 182700.00000 1605.42129 1918.57299 0.00000 -0.00000
67.34410 66.90429 66.56333 46.05209 183600.00000 1802.54655 1737.02191 0.00000 -0.00000
66.85087 64.21287 63.85846 45.92744 184500.00000 1963.34755 2710.91606 0.00000 -0.00000
67.14155 69.99978 67.80148 51.05163 185400.00000 1625.35963 3079.33742 0.00000 -0.00000
67.10183 68.58041 68.54403 45.61905 186300.00000 1874.97930 3703.84222 0.00000 -0.00000
67.06856 65.76774 65.37915 45.44570 187200.00000 2388.58323 3649.58767 0.00000 -0.00000
67.24442 69.99822 68.57287 45.29422 188100.00000 2144.97129 3657.32565 0.00000 -0.00000
67.34286 66.35257 65.94738 45.19664 189000.00000 2870.00275 3873.42898 0.00000 -0.00000
67.52018 69.99866 68.63240 45.09840 189900.00000 2892.02785 3299.43523 0.00000 -0.00000
67.55673 66.35179 65.94148 44.99759 190800.00000 3064.99935 2997.76547 0.00000 -0.00000
67.68429 69.99944 68.62165 44.89719 191700.00000 2836.50035 2001.84160 0.00000 -0.00000
67.67671 66.30759 65.89138 44.79330 192600.00000 3094.31701 2152.48228 0.00000 -0.00000
67.77236 69.99827 68.60079 44.70196 193500.00000 2879.12852 2259.82543 0.00000 -0.00000
67.73613 66.24921 65.82647 44.61331 194400.00000 3959.67463 562.13234 0.00000 -0.00000
67.81270 69.99938 68.58088 44.51946 195300.00000 3963.08170 1937.08234 0.00000 -0.00000
67.73689 66.01894 65.57212 44.82159 196200.00000 4539.01394 1937.52420 0.00000 -0.00000
67.95379 69.99399 67.91364 44.41554 197100.00000 4434.02113 1785.99738 0.00000 -0.00000
68.95556 70.00000 67.64969 44.20238 198000.00000 4323.94555 1805.65305 0.00000 -0.00000
69.59037 70.01521 67.10690 44.07358 198900.00000 3964.42688 1855.01565 0.00000 -0.00000
69.88678 70.00139 66.54264 44.05803 199800.00000 3464.77048 1514.98264 0.00000 -0.00000
69.90429 69.99706 66.57266 44.04277 200700.00000 3046.73241 1567.68294 0.00000 -0.00000
69.90701 69.99879 66.62352 44.02196 201600.00000 2665.79136 1631.00063 0.00000 -0.00000
69.90769 69.99954 66.67403 43.99929 202500.00000 2198.65094 1631.00125 0.00000 -0.00000
69.90772 69.99983 66.72838 43.91639 203400.00000 1835.23041 1790.61837 0.00000 -0.00000
69.83547 70.00254 67.32585 43.82438 204300.00000 1600.06980 1790.61582 0.00000 -0.00000
69.78381 69.99933 67.97784 43.74499 205200.00000 1600.03250 1790.63557 0.00000 -0.00000
68.93572 65.07365 64.53758 43.66314 206100.00000 1801.46470 2056.86877 0.00000 -0.00000
67.84542 70.04640 67.53015 61.84287 207000.00000 1600.00024 1924.79554 0.00000 -0.00000
67.83269 68.40565 68.35312 58.51202 207900.00000 1605.46137 1925.48526 0.00000 -0.00000
67.76576 68.16279 68.13944 54.61050 208800.00000 1614.11379 1925.69272 0.00000 -0.00000
67.69429 67.90422 67.87544 50.51623 209700.00000 1615.42869 1926.33568 0.00000 -0.00000
67.61828 67.60434 67.56853 46.24775 210600.00000 1874.67985 2755.72635 0.00000 -0.00000
67.52755 66.98383 66.89448 42.56414 211500.00000 1948.51961 2663.66194 0.00000 -0.00000
67.18668 64.80901 64.49972 42.28821 212400.00000 2256.62411 2577.14519 0.00000 -0.00000
66.49488 62.63281 62.33450 42.01774 213300.00000 2540.10373 2244.22701 0.00000 -0.00000
65.43570 60.44429 60.14359 42.03547 214200.00000 2766.73570 2456.52810 0.00000 -0.00000
64.08096 58.35795 58.07055 42.02745 215100.00000 3050.23429 2145.29697 0.00000 -0.00000
55.11500 54.03605 54.01252 53.75005 216000.00000 3233.90453 2069.97584 0.00000 -0.00000
55.02720 53.94781 53.93716 48.27716 216900.00000 3345.53868 2676.70877 0.00000 -0.00000
54.93961 53.81119 53.79191 42.82142 217800.00000 3452.13815 2687.12605 0.00000 -0.00000
51.02297 49.82890 49.71526 48.87040 218700.00000 4084.30010 1941.84620 0.00000 -0.00000
53.08034 56.02521 54.31292 47.51357 219600.00000 4134.40865 2544.14697 0.00000 -0.00000
53.44913 52.56222 52.25080 46.52011 220500.00000 4767.38444 2505.02953 0.00000 -0.00000
53.06273 51.47681 51.31469 42.67723 221400.00000 5641.91594 3266.26142 0.00000 -0.00000
51.79676 49.22933 48.94935 42.22117 222300.00000 6624.82418 3293.23601 0.00000 -0.00000
48.40953 46.53657 46.35596 44.47571 223200.00000 7467.46151 2845.86593 0.00000 -0.00000
46.22202 45.07574 44.89791 43.07943 224100.00000 9072.23132 1526.02559 0.00000 -0.00000
43.60512 43.28618 43.15010 42.64724 225000.00000 10074.85134 2521.36980 0.00000 -0.00000
53.44737 56.18768 52.74556 48.80978 225900.00000 8304.54539 2514.75067 0.00000 -0.00000
52.41300 51.32682 51.12335 49.50789 226800.00000 9268.86048 2451.57765 0.00000 -0.00000
50.18165 49.55880 49.38627 48.33553 227700.00000 10272.34663 2607.59804 0.00000 -0.00000
48.31955 47.79190 47.62196 46.73064 228600.00000 11095.79787 2438.21573 0.00000 -0.00000
46.64884 46.03654 45.85468 44.79920 229500.00000 11933.17161 2431.87905 0.00000 -0.00000
51.96772 54.08903 51.60963 47.28212 230400.00000 11828.24080 1547.08487 0.00000 -0.00000
56.76236 59.78751 57.27358 49.99758 231300.00000 12169.08758 2886.94073 0.00000 -0.00000
55.86465 54.39136 54.13068 51.86543 232200.00000 10920.13215 4248.93630 0.00000 -0.00000
59.55716 61.29958 58.62681 53.02112 233100.00000 10410.79061 4213.04945 0.00000 -0.00000
66.93119 69.49976 65.46651 57.82612 234000.00000 9056.82220 3812.01068 0.00000 -0.00000
69.42730 70.00778 67.33187 64.26741 234900.00000 8553.60385 2596.03663 0.00000 -0.00000
69.94600 70.00001 67.55491 64.27995 235800.00000 7661.44493 2469.26597 0.00000 -0.00000
69.95740 69.98163 67.60751 64.39186 236700.00000 6939.57374 2314.11904 0.00000 -0.00000
69.97332 69.99998 67.66257 64.51093 237600.00000 6509.29379 1270.97226 0.00000 -0.00000
68.49702 68.08269 66.09133 62.36960 238500.00000 6182.09503 1276.10865 0.00000 -0.00000
69.68068 70.00000 67.36262 64.09636 239400.00000 4874.88003 2274.99473 0.00000 -0.00000
69.92717 70.00013 67.70168 64.64930 240300.00000 3817.34681 1882.63694 0.00000 -0.00000
69.97597 70.00682 67.78731 64.80024 241200.00000 2643.91291 1882.15364 0.00000 -0.00000
69.94580 69.96055 67.78679 64.84583 242100.00000 2161.18184 1333.22159 0.00000 -0.00000
69.43857 67.00191 66.53891 44.05598 243000.00000 3621.76679 1407.90478 0.00000 -0.00000
69.31458 69.98712 66.53461 44.05942 243900.00000 3738.87610 1408.06432 0.00000 -0.00000
69.66631 69.98646 66.71707 44.06021 244800.00000 3667.36510 1410.69647 0.00000 -0.00000
69.81180 69.99728 66.78131 44.05028 245700.00000 3530.15744 1414.32859 0.00000 -0.00000
69.86491 69.98572 66.80203 44.10797 246600.00000 3451.19122 1414.76154 0.00000 -0.00000
69.88752 69.99738 66.83242 44.14541 247500.00000 3286.57095 1414.83428 0.00000 -0.00000
69.89947 69.99950 66.85262 44.19097 248400.00000 3079.24912 1414.87385 0.00000 -0.00000
69.90349 69.99732 66.86795 44.24070 249300.00000 2945.98157 1416.43035 0.00000 -0.00000
69.89916 69.98346 66.87424 44.27617 250200.00000 2902.77191 1416.48342 0.00000 -0.00000
69.90002 69.99737 66.89985 44.28829 251100.00000 2748.70566 1417.59653 0.00000 -0.00000
69.90421 70.00000 66.91658 44.30952 252000.00000 2559.27386 1476.66264 0.00000 -0.00000
69.90619 70.00000 66.93088 44.33333 252900.00000 2654.47674 1476.90573 0.00000 -0.00000
69.90673 70.00000 66.94499 44.35714 253800.00000 2079.78094 1476.90578 0.00000 -0.00000
69.83355 69.99996 67.52043 44.38100 254700.00000 1892.41756 1477.01719 0.00000 -0.00000
69.78529 70.00000 68.06320 45.32677 255600.00000 1665.59801 1517.34024 0.00000 -0.00000
69.18531 65.96477 65.52746 44.42857 256500.00000 1659.67961 1522.41215 0.00000 -0.00000
68.95288 70.00019 68.95153 45.32978 257400.00000 1600.01264 1522.41926 0.00000 -0.00000
68.87164 68.13936 67.94739 45.01351 258300.00000 1619.78013 1487.33605 0.00000 -0.00000
68.59970 66.53127 66.31047 44.88649 259200.00000 1736.97346 1382.15219 0.00000 -0.00000
68.09880 64.83443 64.59970 44.76999 260100.00000 1818.54640 1383.02931 0.00000 -0.00000
67.38508 63.15599 62.92084 44.43541 261000.00000 2027.37666 1383.10130 0.00000 -0.00000
66.36803 61.33682 61.08299 44.44440 261900.00000 2322.16573 1383.18865 0.00000 -0.00000
66.21512 69.99348 68.14779 44.48016 262800.00000 2562.72764 1383.27264 0.00000 -0.00000
66.49491 66.51612 66.16227 44.45581 263700.00000 2415.00730 1408.43708 0.00000 -0.00000
67.70332 69.99857 67.69249 54.36297 264600.00000 2438.41515 1424.10949 0.00000 -0.00000
67.65035 68.57237 68.54153 49.37990 265500.00000 2514.34746 1451.80817 0.00000 -0.00000
67.58984 68.23470 68.19509 44.38985 266400.00000 2508.54976 1471.25657 0.00000 -0.00000
67.42411 65.80834 65.46383 43.85714 267300.00000 2271.24150 1570.80912 0.00000 -0.00000
67.69839 69.99589 68.05643 48.59113 268200.00000 2120.94494 1570.90180 0.00000 -0.00000
67.65987 68.58790 68.52977 43.51523 269100.00000 2162.85745 1618.77980 0.00000 -0.00000
67.51572 65.85815 65.47648 43.34267 270000.00000 2090.82690 1659.88049 0.00000 -0.00000
66.79970 63.21090 62.85761 43.17440 270900.00000 2089.32973 1677.83394 0.00000 -0.00000
66.85626 69.98145 67.71277 47.55630 271800.00000 2400.61205 1677.94942 0.00000 -0.00000
66.90066 67.97159 67.84272 43.08725 272700.00000 2401.42045 1679.15711 0.00000 -0.00000
66.75617 65.02094 64.61658 43.02689 273600.00000 2448.34121 1763.99204 0.00000 -0.00000
65.93820 62.18923 61.81570 43.01880 274500.00000 2577.14293 1835.76429 0.00000 -0.00000
65.99105 69.99420 68.03336 42.96434 275400.00000 2710.46989 1845.08724 0.00000 -0.00000
66.30071 65.79228 65.34939 42.92302 276300.00000 2753.48760 1852.16271 0.00000 -0.00000
66.68891 69.99886 68.44809 43.09477 277200.00000 2417.61177 1859.19692 0.00000 -0.00000
66.88193 66.11837 65.68620 42.79430 278100.00000 2365.85108 1863.53591 0.00000 -0.00000
67.25257 69.99460 68.30787 44.41147 279000.00000 2195.27215 1875.09340 0.00000 -0.00000
67.34147 66.79383 66.44953 42.52381 279900.00000 2423.68676 1956.71658 0.00000 -0.00000
67.73782 69.99987 68.26185 45.38295 280800.00000 2492.15462 1978.00939 0.00000 -0.00000
67.75657 67.31278 67.03877 42.33364 281700.00000 2918.59460 2016.91629 0.00000 -0.00000
67.22924 64.20957 63.79010 42.23973 282600.00000 3472.29672 2010.70559 0.00000 -0.00000
67.32744 69.99049 67.60583 42.15053 283500.00000 3311.39851 2124.73211 0.00000 -0.00000
68.57471 69.99256 67.54286 42.05487 284400.00000 3402.85448 2114.46795 0.00000 -0.00000
69.38873 69.99397 67.01161 41.95839 285300.00000 3302.39617 2120.58846 0.00000 -0.00000
69.79539 69.99893 66.46815 41.89989 286200.00000 3066.30802 2127.48323 0.00000 -0.00000
69.86697 69.99987 66.51366 41.84537 287100.00000 2787.80660 2128.26411 0.00000 -0.00000
69.89045 69.99903 66.56924 41.79280 288000.00000 2616.23448 2133.06885 0.00000 -0.00000
69.89825 69.99916 66.62346 41.73930 288900.00000 2419.12713 2157.33659 0.00000 -0.00000
69.88436 69.95676 66.63913 41.72785 289800.00000 2659.57629 2164.41651 0.00000 -0.00000
69.05159 69.99967 66.55992 57.09682 290700.00000 2534.17046 2148.56876 0.00000 -0.00000
68.95609 68.02439 67.98141 42.85603 291600.00000 2077.74706 2101.93582 0.00000 -0.00000
68.21033 64.53583 64.03832 41.57143 292500.00000 1818.81220 2048.30619 0.00000 -0.00000
67.49695 62.73868 62.50327 41.57664 293400.00000 1950.78401 2056.68985 0.00000 -0.00000
67.29838 69.96370 68.48899 41.31152 294300.00000 1969.14140 2029.87289 0.00000 -0.00000
67.38032 67.03195 66.72505 42.02401 295200.00000 2052.92672 2224.74570 0.00000 -0.00000
67.20747 65.65239 65.46964 41.00990 296100.00000 2037.99509 2233.30337 0.00000 -0.00000
66.84225 64.02437 63.79610 40.93396 297000.00000 2112.30949 2266.62862 0.00000 -0.00000
58.20274 58.02392 57.98795 57.71727 297900.00000 2235.61717 2363.97061 0.00000 -0.00000
57.40043 57.16520 57.08430 56.69498 298800.00000 2564.62116 2380.12534 0.00000 -0.00000
57.32974 57.04484 57.03871 53.42237 299700.00000 3037.84643 2406.74470 0.00000 -0.00000
57.25855 56.92960 56.91838 50.29751 300600.00000 3372.73889 2574.47406 0.00000 -0.00000
54.74456 54.54727 54.47446 54.11775 301500.00000 3696.59319 2800.51477 0.00000 -0.00000
53.85997 53.64328 53.56413 53.20842 302400.00000 4120.99660 3106.69251 0.00000 -0.00000
56.58727 57.33076 56.21435 54.88619 303300.00000 4149.13008 3749.90955 0.00000 -0.00000
56.54175 56.52002 56.47819 51.67706 304200.00000 4149.46440 4523.38653 0.00000 -0.00000
54.60191 54.41329 54.33160 54.01340 305100.00000 4161.75513 5367.58178 0.00000 -0.00000
53.69922 53.44721 53.35890 52.94286 306000.00000 4170.58104 6174.77615 0.00000 -0.00000
53.62008 53.28676 53.26845 49.30578 306900.00000 4542.15542 6985.79649 0.00000 -0.00000
53.53513 53.05939 53.02526 45.83910 307800.00000 5039.93387 7631.82213 0.00000 -0.00000
53.41406 52.60779 52.53838 43.06459 308700.00000 5718.07053 8317.23403 0.00000 -0.00000
53.29453 52.20880 52.15163 40.32370 309600.00000 6274.95349 8915.33935 0.00000 -0.00000
53.05592 51.38374 51.26060 38.81993 310500.00000 6921.76726 9747.09367 0.00000 -0.00000
52.97176 54.22544 52.73045 50.98664 311400.00000 7401.93154 10291.29913 0.00000 -0.00000
52.17209 51.93771 51.86266 51.48512 312300.00000 7889.35788 10857.53019 0.00000 -0.00000
51.28014 51.04065 50.95813 50.55974 313200.00000 8483.40879 11542.98396 0.00000 -0.00000
57.26580 58.93501 56.85777 54.57356 314100.00000 9062.80625 12192.44226 0.00000 -0.00000
56.25720 55.99833 55.91246 55.48875 315000.00000 9632.95384 12853.38010 0.00000 -0.00000
55.25658 54.98240 54.88848 54.43201 315900.00000 10224.23287 13351.19450 0.00000 -0.00000
54.17817 53.92298 53.82949 53.40982 316800.00000 11262.71105 13361.23980 0.00000 -0.00000
57.46420 58.31746 57.00270 55.52926 317700.00000 12232.85091 13371.49221 0.00000 -0.00000
56.68125 56.11129 55.98708 55.05147 318600.00000 13127.69441 13342.08864 0.00000 -0.00000
62.32002 69.61240 66.12770 51.91414 319500.00000 13953.89116 13347.16732 0.00000 -0.00000
60.30480 58.90974 58.56044 56.62495 320400.00000 14268.77667 13297.56590 0.00000 -0.00000
62.05176 62.47563 60.01103 55.63645 321300.00000 14025.38026 13316.11680 0.00000 -0.00000
61.70491 61.45815 59.13009 54.28732 322200.00000 13421.01310 13031.94001 0.00000 -0.00000
62.35830 62.58622 59.83273 54.74597 323100.00000 12730.14964 12816.46306 0.00000 -0.00000
61.79994 61.68424 59.32920 54.73580 324000.00000 11840.12119 12529.08466 0.00000 -0.00000
63.58288 64.10247 61.13220 56.21022 324900.00000 10906.04203 12021.16592 0.00000 -0.00000
66.13015 66.83528 63.70702 58.80793 325800.00000 10163.11772 11623.17748 0.00000 -0.00000
68.86006 69.55150 66.52086 62.58648 326700.00000 9682.39995 11488.59992 0.00000 -0.00000
69.76281 69.99982 67.60809 64.59241 327600.00000 9184.86027 11174.57228 0.00000 -0.00000
69.93266 69.98760 67.84463 64.97670 328500.00000 8817.02874 11193.64344 0.00000 -0.00000
69.71025 68.05755 67.83738 42.56590 329400.00000 9224.07715 10936.01024 0.00000 -0.00000
69.68827 69.99402 66.77219 42.48187 330300.00000 8711.03057 10349.98173 0.00000 -0.00000
69.80979 69.99388 66.82634 42.50581 331200.00000 8108.56171 9963.09631 0.00000 -0.00000
69.86111 69.99370 66.85248 42.52967 332100.00000 7578.64063 9475.12291 0.00000 -0.00000
69.76491 69.66422 66.61643 42.41119 333000.00000 7298.27909 9213.52747 0.00000 -0.00000
69.77094 69.99342 66.89580 42.00611 333900.00000 6771.42974 8688.33681 0.00000 -0.00000
69.84087 69.99318 66.94303 41.74447 334800.00000 6277.05724 8327.32048 0.00000 -0.00000
69.85886 69.95777 66.94474 41.50894 335700.00000 5915.72071 7895.45854 0.00000 -0.00000
69.85817 69.95906 66.93507 41.70527 336600.00000 5554.75737 7435.87389 0.00000 -0.00000
69.86782 69.99349 66.97366 41.87552 337500.00000 5086.00885 7036.23586 0.00000 -0.00000
69.76519 69.66211 66.70262 42.22452 338400.00000 5086.12548 7071.85360 0.00000 -0.00000
69.76648 70.00000 66.97324 42.26190 339300.00000 4295.40838 7082.86348 0.00000 -0.00000
69.82625 69.96448 66.96224 42.59326 340200.00000 4282.20511 7037.64373 0.00000 -0.00000
69.77691 69.98612 67.39821 44.72235 341100.00000 4196.47720 7978.01639 0.00000 -0.00000
68.57400 64.10658 63.47663 43.20793 342000.00000 4197.34149 8222.12298 0.00000 -0.00000
66.85178 60.98081 60.58394 43.54096 342900.00000 4065.93002 8342.25269 0.00000 -0.00000
66.57448 69.71310 68.01677 45.08791 343800.00000 4312.07829 8265.71575 0.00000 -0.00000
66.65776 67.80059 67.65372 44.43059 344700.00000 4255.29734 8302.21733 0.00000 -0.00000
66.62803 66.01299 65.77152 44.75784 345600.00000 5580.08289 8529.44724 0.00000 -0.00000
66.29373 64.09798 63.84158 45.04275 346500.00000 5541.21846 8499.13092 0.00000 29200.00000
66.58733 69.99377 68.16333 48.31622 347400.00000 5421.51215 8681.74427 0.00000 29246.24780
66.68594 68.11895 67.98273 45.52317 348300.00000 5589.17415 8582.54566 0.00000 29247.59940
66.64743 65.42098 65.06143 46.11897 349200.00000 5589.50058 8929.19661 0.00000 29247.99811
67.08745 69.99456 68.22061 49.31647 350100.00000 5526.69949 9369.68500 0.00000 29248.16649
67.16573 68.03053 67.87164 45.84622 351000.00000 5532.81293 9344.41686 0.00000 29277.77908
66.98966 65.29433 64.92467 45.82728 351900.00000 5741.43540 9210.14366 0.00000 29332.51838
67.13484 69.94928 68.46344 45.91216 352800.00000 5539.46202 9035.63175 0.00000 29334.69808
67.23230 66.09406 65.67236 46.21981 353700.00000 5864.04076 8899.80967 0.00000 29335.06875
67.41300 70.00000 68.60994 45.92262 354600.00000 5910.78813 8495.85334 0.00000 29336.16302
67.45433 66.10675 65.67242 46.11031 355500.00000 6081.72813 8538.02703 0.00000 29336.30897
66.57300 63.04819 62.65705 46.29167 356400.00000 6624.67623 8284.13655 0.00000 29336.44661
64.99267 60.25636 59.89880 46.47619 357300.00000 6862.46330 8903.23939 0.00000 29336.57886
65.31914 69.99992 67.37089 49.11442 358200.00000 6373.92615 8898.70653 0.00000 29336.68041
65.78299 66.17381 65.81316 46.73312 359100.00000 6627.85074 8648.77970 0.00000 29336.96960
67.05604 69.98186 67.89207 50.91368 360000.00000 6475.97237 8562.15944 0.00000 29337.21041
67.18223 67.17758 66.90892 46.94935 360900.00000 6611.76689 8388.84826 0.00000 29338.68507
67.99696 69.99636 68.03987 51.40877 361800.00000 6542.51988 8202.12030 0.00000 29338.84654
67.98163 67.42257 67.17362 47.00000 362700.00000 6274.73817 8298.62899 0.00000 29339.08271
67.18417 63.93391 63.48033 47.04762 363600.00000 6164.78084 8325.72356 0.00000 29339.28098
67.20975 70.00000 67.94439 48.37883 364500.00000 7656.81027 8182.23332 0.00000 29339.43169
67.24416 65.89289 65.46036 46.84524 365400.00000 7328.16643 8288.59956 0.00000 29339.57363
67.49325 70.00000 68.35019 46.59524 366300.00000 7208.62610 8175.34878 0.00000 29339.78155
67.41336 65.49263 64.99697 46.34524 367200.00000 8661.09879 9281.48796 0.00000 29339.92712
67.54417 70.00000 68.29058 46.09524 368100.00000 8329.07158 9264.59366 0.00000 29340.02721
67.42690 65.37956 64.87386 45.95833 369000.00000 8152.78817 9008.64862 0.00000 29340.37514
67.74693 69.99116 67.60530 45.82872 369900.00000 7745.31805 8685.09724 0.00000 29340.51835
68.95826 69.96147 67.41528 45.71890 370800.00000 7266.39311 8596.38191 0.00000 29340.72377
69.61104 69.96583 66.91606 45.57643 371700.00000 6774.40706 8299.59452 0.00000 29340.92978
69.88233 69.96669 66.38878 45.56142 372600.00000 6260.68129 8020.05965 0.00000 29341.13529
69.90181 70.00000 66.45267 45.52381 373500.00000 5708.68337 7735.36105 0.00000 29341.34056
69.91244 70.00000 66.50441 45.51190 374400.00000 5124.24697 7430.50197 0.00000 29341.54562
69.91486 70.00000 66.55531 45.50000 375300.00000 4519.65652 7121.84940 0.00000 29341.75048
69.91583 70.00000 66.61170 45.39881 376200.00000 3917.86692 6848.81141 0.00000 29341.95513
69.84220 70.00000 67.18884 45.29762 377100.00000 3451.31057 6609.79617 0.00000 29342.15962
67.53175 62.14949 61.36978 45.23531 378000.00000 3474.88679 6649.27866 0.00000 29343.55076
67.10919 69.98684 67.54494 45.11209 378900.00000 3076.59876 6601.68731 0.00000 29377.26995
67.16642 66.51611 66.19787 44.64881 379800.00000 3226.75806 6560.13321 0.00000 29394.76317
66.75484 64.23609 63.92971 44.26971 380700.00000 3305.51415 6629.73299 0.00000 29797.16459
66.61564 63.81442 63.77045 39.53611 381600.00000 3208.98433 6606.59307 0.00000 30073.75219
66.47003 63.46873 63.41517 34.81419 382500.00000 3131.37376 6560.42122 0.00000 30306.99541
66.32300 63.08826 63.02917 30.04461 383400.00000 3030.24396 6532.51119 0.00000 30517.00543
54.59436 54.32079 54.19326 53.74256 384300.00000 2975.92412 6569.59114 0.00000 30781.00319
54.51760 54.14533 54.12846 48.47445 385200.00000 3260.77647 6520.10276 0.00000 31044.05018
54.44298 53.97059 53.94709 43.36895 386100.00000 3179.23385 6479.22015 0.00000 31291.79178
54.06468 52.37379 52.13908 41.66466 387000.00000 3060.90900 6508.50580 0.00000 31564.45744
52.94606 50.14158 49.86452 41.71697 387900.00000 3730.36561 6552.47283 0.00000 31931.64731
51.24921 48.11464 47.87230 41.77432 388800.00000 4393.04358 6625.00572 0.00000 32309.77198
49.10937 46.26712 46.05652 41.83333 389700.00000 5113.49116 6600.56264 0.00000 32703.75927
46.48343 44.53267 44.36130 42.05944 390600.00000 5803.85354 6610.51197 0.00000 33097.49614
47.46324 48.64549 47.19895 43.93774 391500.00000 6466.85057 6626.57395 0.00000 33494.30454
47.01124 45.92028 45.68613 42.57612 392400.00000 6788.20364 6620.21827 0.00000 33842.29008
49.51989 52.78226 50.73383 43.15304 393300.00000 7348.38538 6900.17773 0.00000 34238.54881
53.16685 56.10676 54.13537 45.55422 394200.00000 7864.05817 7454.30929 0.00000 34632.85677
56.96188 59.71863 57.57293 49.50310 395100.00000 8348.10614 8092.60619 0.00000 35020.24539
56.61747 55.02568 54.70894 50.73354 396000.00000 8819.35067 8154.22445 0.00000 35382.80827
57.56574 59.13582 57.53501 52.16769 396900.00000 9277.69263 8314.94841 0.00000 35741.48018
55.31819 54.97184 54.82294 54.25864 397800.00000 9728.09536 8559.44412 0.00000 36099.51951
53.76059 53.25437 53.08606 52.24041 398700.00000 10168.52113 8632.55848 0.00000 36443.29978
56.16641 56.89990 55.50264 53.39787 399600.00000 10514.82059 8719.64812 0.00000 36758.07475
54.76168 53.95372 53.76402 52.44250 400500.00000 10780.29019 8641.74829 0.00000 37056.62289
56.39392 57.00009 55.72974 53.79542 401400.00000 10677.59354 8698.75687 0.00000 37299.01375
59.27650 60.10124 58.57358 56.47290 402300.00000 10755.32497 8616.00683 0.00000 37554.42952
57.40920 56.89358 56.71975 55.86752 403200.00000 11283.86715 8908.85952 0.00000 37818.89317
61.04485 62.06592 60.28248 57.90064 404100.00000 11408.88965 8937.48689 0.00000 38020.71064
65.33425 66.53465 64.54399 61.99330 405000.00000 11766.16827 9487.14622 0.00000 38185.13216
62.44728 61.55641 61.24535 59.77790 405900.00000 12254.45477 9284.50509 0.00000 38282.74550
68.13981 69.51840 66.28403 61.82307 406800.00000 12828.18012 9780.70209 0.00000 38329.83363
69.67899 69.99993 67.58175 64.61321 407700.00000 13464.81744 9697.03897 0.00000 38329.95915
69.99169 69.99999 67.52827 64.17518 408600.00000 13266.39515 9541.25034 0.00000 38330.08414
69.98165 70.00000 67.53782 64.20833 409500.00000 13375.96751 9458.96481 0.00000 38330.20911
69.97974 70.00000 67.55856 64.25917 410400.00000 13232.49777 9266.96799 0.00000 38330.33408
69.97935 70.00000 67.58123 64.31305 411300.00000 13042.97214 9062.56662 0.00000 38330.45904
69.97923 70.00000 67.60423 64.36746 412200.00000 12619.84922 8888.80897 0.00000 38330.58403
69.98029 70.00000 67.62047 64.40470 413100.00000 12192.69205 8762.06741 0.00000 38330.70901
69.98043 70.00000 67.63551 64.44006 414000.00000 11801.85936 8540.03779 0.00000 38330.83397
69.98040 70.00000 67.65034 64.47508 414900.00000 11385.78435 8437.61123 0.00000 38330.95893
70.00000 69.56465 67.61791 49.47024 415800.00000 11329.53522 8274.16620 0.00000 38331.08389
70.00000 69.97790 66.62990 49.70238 416700.00000 10827.51837 8068.63515 0.00000 38331.20885
69.94059 70.00000 66.62823 49.93452 417600.00000 10317.82482 7865.94405 0.00000 38331.33381
69.92845 70.00000 66.63753 50.16667 418500.00000 9794.11053 7685.63675 0.00000 38331.45877
69.91963 69.97755 66.64157 50.19011 419400.00000 9181.38596 7508.70081 0.00000 38331.58374
69.92501 70.00000 66.67508 50.17857 420300.00000 8578.68127 7324.38548 0.00000 38331.70870
69.93084 70.00000 66.69254 50.18452 421200.00000 7979.51425 7129.29163 0.00000 38331.83366
69.93206 70.00000 66.70921 50.19048 422100.00000 7378.38062 6923.65720 0.00000 38331.95863
69.92658 70.00000 66.71477 50.41667 423000.00000 6768.66180 6706.85160 0.00000 38332.08359
69.92274 69.99646 66.72399 50.64628 423900.00000 6041.17997 6378.54196 0.00000 38332.20855
69.92280 69.99934 66.73903 50.86972 424800.00000 5227.07686 6027.33551 0.00000 38332.33351
69.92225 69.99676 66.75007 51.09854 425700.00000 4716.41934 5794.44082 0.00000 38332.45847
69.91214 69.99688 66.74895 51.65206 426600.00000 4558.52479 5203.78521 0.00000 38332.58344
69.83959 69.99991 67.25257 52.20249 427500.00000 4539.72529 5147.43766 0.00000 38332.70840
69.80376 70.00000 67.80389 52.75595 428400.00000 5248.77405 5128.63249 0.00000 38332.83337
69.76508 69.98971 68.23786 55.07835 429300.00000 5327.10120 5597.81262 0.00000 38332.95846
69.27379 67.06303 66.76957 53.63291 430200.00000 5426.40088 5483.43748 0.00000 38333.08341
68.97773 70.00000 68.29512 58.47696 431100.00000 5161.00653 5476.29009 0.00000 38333.20832
68.81610 67.75505 67.53277 54.25595 432000.00000 5472.05534 5513.52138 0.00000 38333.33323
69.01740 70.00000 68.26866 58.86734 432900.00000 5580.99900 5509.70965 0.00000 0.00000
