50.000000 50.000000 50.000000 50.000000 0.000000 10000.000000 0.000000
49.795228 49.538183 49.436368 48.745173 900.000000 10003.390337 0.000000
49.176922 48.831331 48.733043 48.108109 1800.000000 8906.283215 0.000000
53.712232 56.486231 53.961195 50.018660 2700.000000 9716.325057 0.000000
53.533000 52.866966 52.738568 51.994806 3600.000000 7724.080157 0.000000
52.535732 52.108000 51.997127 51.283998 4500.000000 5659.683331 0.000000
51.721439 51.291359 51.169069 50.390009 5400.000000 3679.042252 0.000000
53.253699 54.300352 53.051527 50.674230 6300.000000 3265.011247 0.000000
60.577202 62.591120 59.607561 57.567875 7200.000000 4302.870700 0.000000
62.299983 63.135158 61.871061 59.501894 8100.000000 6089.978472 0.000000
61.492756 60.848361 60.697946 59.773986 9000.000000 4064.931939 0.000000
62.717815 63.621246 62.378064 59.975959 9900.000000 5889.345408 0.000000
61.478718 61.197983 61.077653 60.620345 10800.000000 3817.579945 0.000000
66.488703 67.961410 65.647639 63.685958 11700.000000 5602.846739 0.000000
65.674506 64.973404 64.805197 63.785336 12600.000000 7363.909089 0.000000
64.442224 63.843699 63.679444 62.644251 13500.000000 8753.300873 0.000000
67.664541 68.647722 66.862099 65.398593 14400.000000 10198.989842 0.000000
66.801887 66.132718 65.957586 64.899650 15300.000000 10635.395959 0.000000
68.570169 69.173430 67.865571 66.687979 16200.000000 11145.961651 0.000000
67.690330 67.060270 66.884425 65.833786 17100.000000 11663.033904 0.000000
68.932445 69.385209 68.264871 67.187123 18000.000000 11986.433169 0.000000
68.037879 67.420482 67.243557 66.194393 18900.000000 11985.729011 0.000000
66.817017 66.201909 66.028202 64.958627 19800.000000 11985.745370 0.000000
65.604830 64.979119 64.803577 63.710472 20700.000000 11985.897277 0.000000
64.383779 63.749686 63.573081 62.466505 21600.000000 11996.645288 0.000000
63.126765 62.335639 62.026166 60.006424 22500.000000 11995.947056 0.000000
64.133136 64.638548 62.803554 58.312449 23400.000000 10973.545985 0.000000
64.900692 65.038804 62.885342 57.969099 24300.000000 9822.280063 0.000000
64.470942 64.053389 61.888423 56.324791 25200.000000 9176.726203 0.000000
65.775720 66.416896 63.154137 57.417967 26100.000000 7116.491274 0.000000
65.123101 64.705679 62.370434 56.871742 27000.000000 5933.556603 0.000000
60.611725 58.169524 57.484160 53.565198 27900.000000 5929.921935 0.000000
61.826837 62.771628 59.399537 52.981315 28800.000000 3852.172050 0.000000
57.679470 55.420643 54.894089 51.993963 29700.000000 3305.205362 0.000000
53.693634 52.065207 51.680859 49.504115 30600.000000 3169.615784 0.000000
50.800708 49.636962 49.391690 48.013544 31500.000000 2938.607418 0.000000
48.910668 48.190602 48.083624 47.497173 32400.000000 2353.068357 0.000000
47.921396 47.516538 47.410777 46.731712 33300.000000 2316.984049 0.000000
47.144752 46.736412 46.620802 45.889417 34200.000000 2232.383318 0.000000
46.342202 45.920059 45.801204 45.051556 35100.000000 2133.105612 0.000000
45.514876 45.082315 44.960299 44.193923 36000.000000 2151.971642 0.000000
44.666794 44.226660 44.103926 43.336883 36900.000000 2151.954092 0.000000
43.808479 43.368219 43.245176 42.480158 37800.000000 2118.803803 0.000000
42.942805 42.505336 42.382140 41.624453 38700.000000 2251.547035 0.000000
42.073981 41.639233 41.515731 40.763437 39600.000000 1990.433340 0.000000
41.197677 40.774861 40.656529 39.950611 40500.000000 1843.069944 0.000000
40.347673 39.946146 39.832790 39.163873 41400.000000 1843.327168 0.000000
39.528778 39.148300 39.039832 38.407779 42300.000000 1688.235923 0.000000
38.740347 38.381173 38.277646 37.683025 43200.000000 1523.471106 0.000000
37.989051 37.652192 37.557092 37.015777 44100.000000 1331.536988 0.000000
37.298261 36.985647 36.898366 36.396550 45000.000000 1231.747960 0.000000
39.594291 40.935266 39.532999 37.364421 45900.000000 1219.574626 0.000000
44.679825 47.428411 44.868594 41.127487 46800.000000 1203.416099 0.000000
48.416671 50.092810 48.265017 45.692709 47700.000000 1202.273111 0.000000
48.112731 47.659600 47.585484 47.158100 48600.000000 1211.190263 0.000000
50.590045 52.209279 50.707402 48.392838 49500.000000 1533.634054 0.000000
53.587948 55.161842 53.621741 51.172947 50400.000000 2304.864628 0.000000
56.433445 57.959115 56.458110 54.077122 51300.000000 2920.058714 0.000000
58.816598 60.078869 58.792531 56.705020 52200.000000 3797.089504 0.000000
58.598006 58.227705 58.162792 57.776237 53100.000000 4644.672925 0.000000
58.079964 57.851862 57.801896 57.454000 54000.000000 5709.117434 0.000000
60.526004 61.909816 60.563079 58.621054 54900.000000 7332.479195 0.000000
60.439953 60.054354 59.971011 59.424254 55800.000000 8478.304422 0.000000
59.672416 59.556967 59.504848 59.308895 56700.000000 9372.436644 0.000000
62.170700 63.645648 62.260550 60.034863 57600.000000 10145.173548 0.000000
64.905445 66.026715 64.456689 61.502017 58500.000000 10744.491961 0.000000
67.021143 67.670091 65.880905 62.690681 59400.000000 11307.058116 0.000000
68.106466 68.302441 66.508466 64.161006 60300.000000 11695.234321 0.000000
69.138494 69.238241 67.043218 63.688521 61200.000000 11876.764042 0.000000
69.604308 69.789004 67.506725 64.590028 62100.000000 11856.534334 0.000000
69.834237 69.922734 67.780110 64.958462 63000.000000 11900.926479 0.000000
69.927467 69.977108 67.902550 65.134937 63900.000000 11527.584056 0.000000
69.617254 69.412990 67.446251 63.858295 64800.000000 11210.689297 0.000000
68.763924 68.444096 66.568382 62.857460 65700.000000 10774.360271 0.000000
68.651640 68.623786 66.431906 62.293175 66600.000000 10157.025599 0.000000
68.261996 68.085032 65.997945 61.662215 67500.000000 9884.728057 0.000000
67.618517 67.338149 65.324483 60.838118 68400.000000 9223.816021 0.000000
68.283841 68.636800 66.050957 61.125405 69300.000000 9401.109831 0.000000
68.053973 67.977846 65.810204 61.494697 70200.000000 8497.893620 0.000000
64.968307 62.530828 61.866894 57.344880 71100.000000 7554.646552 0.000000
60.333317 58.173842 57.585714 54.063596 72000.000000 7552.802896 0.000000
61.239452 61.987933 59.111671 53.823245 72900.000000 7528.351385 0.000000
63.304687 64.190581 61.104482 55.431915 73800.000000 7524.565665 0.000000
65.451038 66.379984 63.248981 57.885513 74700.000000 6878.696430 0.000000
67.940733 68.815931 65.832239 62.640087 75600.000000 6800.276451 0.000000
69.157047 69.522037 67.182051 64.363910 76500.000000 6011.124377 0.000000
69.649774 69.809170 67.735231 65.074934 77400.000000 5284.551298 0.000000
69.849902 69.925788 67.964312 65.374128 78300.000000 4199.996011 0.000000
65.738957 64.651614 64.187867 62.463829 79200.000000 4200.461925 0.000000
68.450420 69.337664 66.715125 64.134314 80100.000000 3648.031275 0.000000
65.293493 64.662179 64.434365 63.568017 81000.000000 3824.598669 0.000000
67.385362 68.323777 66.584253 64.335798 81900.000000 3285.892503 0.000000
69.017990 69.724857 68.646374 67.966557 82800.000000 3243.065883 0.000000
68.735634 68.504734 68.450528 68.118848 83700.000000 3261.587551 0.000000
68.290949 68.085225 68.023548 67.631033 84600.000000 3396.377438 0.000000
67.827434 67.593826 67.522496 67.075256 85500.000000 3435.882860 0.000000
67.312638 67.044693 66.964170 66.453211 86400.000000 3554.727653 0.000000
66.738852 66.441228 66.355564 65.811579 87300.000000 3588.866213 0.000000
66.123036 65.807466 65.717266 65.145104 88200.000000 3638.767509 0.000000
68.386148 69.056558 67.902886 67.003364 89100.000000 3596.063090 0.000000
67.883158 67.491549 67.389350 66.766718 90000.000000 3608.094520 0.000000
67.138311 66.772898 66.671044 66.028256 90900.000000 3612.867719 0.000000
66.418541 66.034428 65.927620 65.235574 91800.000000 3620.899173 0.000000
66.358380 65.918194 65.912092 62.359138 92700.000000 3615.660916 0.000000
66.298043 65.832089 65.821293 59.454066 93600.000000 3615.497393 0.000000
66.237280 65.723729 65.708247 56.530723 94500.000000 3666.774540 0.000000
67.742367 68.857970 67.135099 65.865829 95400.000000 2904.790510 0.000000
67.183400 66.690060 66.568844 65.835711 96300.000000 3046.291270 0.000000
66.292199 65.863111 65.745371 65.003244 97200.000000 3348.346585 0.000000
68.430290 69.089932 67.870257 66.871798 98100.000000 3918.028096 0.000000
68.273669 67.770003 67.618866 65.162777 99000.000000 4209.704326 0.000000
68.144792 67.445697 67.385790 62.395126 99900.000000 4902.851657 0.000000
68.653519 69.233761 68.143270 67.215669 100800.000000 4069.780741 0.000000
67.989785 67.560425 67.441555 66.772646 101700.000000 4065.491903 0.000000
67.124763 66.710688 66.591074 65.872638 102600.000000 4047.081411 0.000000
69.146382 69.769855 68.592951 67.617422 103500.000000 3642.587292 0.000000
68.298337 68.007070 67.908624 67.469944 104400.000000 3601.675789 0.000000
67.498893 67.185609 67.081247 66.569104 105300.000000 2670.460901 0.000000
69.286485 69.821692 68.796785 67.944975 106200.000000 2209.725264 0.000000
68.708692 68.314072 68.212658 67.618884 107100.000000 2477.294661 0.000000
67.746839 67.571924 67.498441 67.222547 108000.000000 2896.963984 0.000000
67.239741 66.778271 66.546436 65.010027 108900.000000 2823.540685 0.000000
65.920975 64.910678 64.533438 62.002379 109800.000000 2690.738334 0.000000
63.433492 62.003020 61.499677 58.485739 110700.000000 2566.315207 0.000000
60.016785 58.205999 57.572050 53.946199 111600.000000 2458.293121 0.000000
58.507896 58.002693 56.146610 51.685289 112500.000000 2320.568448 0.000000
54.802414 52.505260 51.865595 47.975032 113400.000000 2250.289908 0.000000
50.129051 48.169929 47.590351 44.397116 114300.000000 2237.871291 0.000000
55.879234 58.183185 53.593992 47.853952 115200.000000 1224.386642 0.000000
52.759174 50.613488 50.142843 47.439138 116100.000000 1223.230668 0.000000
49.286505 47.822226 47.515981 45.698984 117000.000000 1220.524869 0.000000
46.957555 45.990449 45.822610 44.843562 117900.000000 1205.987144 0.000000
45.582785 45.120159 45.097310 45.022490 118800.000000 1205.703779 0.000000
45.140270 45.034143 45.018797 44.903375 119700.000000 1200.742607 0.000000
44.947969 44.861966 44.836763 44.674466 120600.000000 1218.762494 0.000000
44.753013 44.657979 44.630557 44.454971 121500.000000 1217.927443 0.000000
44.543788 44.441604 44.412338 44.224965 122400.000000 1219.862926 0.000000
44.321301 44.214709 44.185178 43.998456 123300.000000 1201.762076 0.000000
44.096287 43.987950 43.958099 43.767800 124200.000000 1210.284683 0.000000
43.868737 43.759200 43.729093 43.537147 125100.000000 1210.351874 0.000000
43.639466 43.528919 43.498539 43.304848 126000.000000 1203.461969 0.000000
43.409763 43.304045 43.278522 43.118755 126900.000000 1221.935875 0.000000
43.204264 43.116976 43.096936 42.971751 127800.000000 1326.403552 0.000000
43.033644 42.965466 42.950613 42.858454 128700.000000 1230.235281 0.000000
42.897931 42.848751 42.839081 42.779951 129600.000000 1220.419963 0.000000
42.793764 42.753834 42.740204 42.652437 130500.000000 1201.630019 0.000000
45.777302 47.688783 46.207408 43.979457 131400.000000 1212.865482 0.000000
49.015216 50.700049 49.234694 47.001653 132300.000000 1214.586499 0.000000
52.674429 54.330723 52.694839 50.676336 133200.000000 1263.256968 0.000000
56.609274 58.582640 56.753454 54.335920 134100.000000 1345.838445 0.000000
56.641329 56.342276 56.309099 56.146986 135000.000000 1621.466314 0.000000
59.186101 60.909707 59.523149 57.458907 135900.000000 2132.163412 0.000000
63.033612 64.902878 63.186384 60.902651 136800.000000 2767.220139 0.000000
63.072281 62.798133 62.767729 62.619029 137700.000000 3574.012042 0.000000
62.726542 62.632707 62.612745 62.480274 138600.000000 4334.352171 0.000000
62.522500 62.434254 62.408762 62.245331 139500.000000 5044.885885 0.000000
62.311983 62.216449 62.189398 62.015109 140400.000000 5914.393021 0.000000
62.089179 61.988538 61.959882 61.776457 141300.000000 6706.507115 0.000000
61.856388 61.749508 61.719045 61.524129 142200.000000 7676.900786 0.000000
61.612194 61.498829 61.466595 61.260403 143100.000000 8504.200557 0.000000
61.356482 61.236641 61.202639 60.985189 144000.000000 9451.936769 0.000000
64.300487 65.777325 64.141133 61.237974 144900.000000 10207.577295 0.000000
66.587174 67.292076 65.597968 62.440708 145800.000000 10741.419315 0.000000
67.983450 68.329680 66.445355 63.194590 146700.000000 11207.503973 0.000000
68.814357 68.936050 66.824731 63.418746 147600.000000 11619.079917 0.000000
69.445785 69.678311 67.427108 64.592998 148500.000000 11793.174609 0.000000
69.625524 69.649549 67.563090 64.449806 149400.000000 11866.038391 0.000000
69.326840 69.176994 67.179029 63.649517 150300.000000 11923.974863 0.000000
69.017905 68.903888 66.823734 63.069460 151200.000000 11768.578117 0.000000
69.422028 69.654199 67.346636 64.323032 152100.000000 11019.421947 0.000000
66.131377 64.087661 63.460875 59.916702 153000.000000 11505.582633 0.000000
61.999484 59.846850 59.224252 55.476306 153900.000000 11375.183588 0.000000
57.692900 55.576437 54.966179 51.361126 154800.000000 11667.541897 0.000000
53.407819 51.365618 50.774598 47.351933 155700.000000 11667.556640 0.000000
49.155886 47.253997 46.688225 43.534689 156600.000000 11667.561503 0.000000
44.904739 43.229008 42.697834 39.963183 157500.000000 11667.562129 0.000000
40.553866 39.276075 38.800881 36.754680 158400.000000 11643.541870 0.000000
44.655608 46.410111 42.767788 36.936495 159300.000000 9774.035732 0.000000
46.065231 46.564360 44.003372 38.907286 160200.000000 8577.982661 0.000000
46.941893 47.372774 44.953247 39.834542 161100.000000 6622.069815 0.000000
48.128052 48.736106 46.208100 40.909736 162000.000000 5487.591963 0.000000
48.973429 49.373518 47.030190 41.779519 162900.000000 4422.537479 0.000000
49.508362 49.779876 47.558708 42.488919 163800.000000 3449.879834 0.000000
46.014063 44.339264 43.874635 41.377882 164700.000000 3446.532872 0.000000
42.429156 40.972794 40.506184 38.070844 165600.000000 3568.325531 0.000000
38.450355 37.713240 37.433908 36.383856 166500.000000 3570.096037 0.000000
35.992803 35.471000 35.289613 34.601645 167400.000000 3576.698534 0.000000
34.354802 34.072969 33.991486 33.677954 168300.000000 3587.225441 0.000000
33.588165 33.504928 33.522332 33.589511 169200.000000 3581.095675 0.000000
33.524135 33.522949 33.521374 33.507702 170100.000000 3590.723241 0.000000
33.491496 33.479140 33.473726 33.438126 171000.000000 3596.670386 0.000000
33.425728 33.412063 33.405547 33.380637 171900.000000 3560.065900 0.000000
33.362044 33.336943 33.327097 33.274593 172800.000000 3565.308825 0.000000
33.276605 33.239935 33.225877 33.146343 173700.000000 3590.603923 0.000000
33.167903 33.114449 33.095803 32.982854 174600.000000 3583.240987 0.000000
32.986923 32.946112 32.927242 32.857246 175500.000000 3731.984014 0.000000
32.808457 32.759110 32.736768 32.654068 176400.000000 3768.577232 0.000000
32.600902 32.544355 32.519071 32.425582 177300.000000 3810.036544 0.000000
32.370903 32.305050 32.276284 32.166944 178200.000000 3810.039380 0.000000
34.799914 36.013026 34.824999 33.245923 179100.000000 3629.452049 0.000000
34.602918 34.434865 34.405180 34.256726 180000.000000 3633.615663 0.000000
34.302490 34.160175 34.114492 33.841038 180900.000000 5538.025063 0.000000
37.942002 39.729758 37.963869 35.726204 181800.000000 7351.300903 0.000000
42.921074 45.521810 43.139316 39.757711 182700.000000 8309.709947 0.000000
47.904655 50.507999 48.111594 44.543209 183600.000000 8729.873673 0.000000
55.984806 59.924566 56.211986 51.402468 184500.000000 8398.082486 0.000000
56.034302 55.391905 55.304882 54.843093 185400.000000 8525.552756 0.000000
64.303618 66.663646 63.405118 61.335602 186300.000000 7330.412630 0.000000
67.658813 68.633008 67.147424 66.088631 187200.000000 7595.655516 0.000000
67.227177 66.844023 66.752993 66.197970 188100.000000 7571.956392 0.000000
66.535631 66.207681 66.116360 65.537000 189000.000000 7665.589453 0.000000
65.872193 65.530616 65.433139 64.815557 189900.000000 7708.011016 0.000000
68.106371 68.900450 67.651897 66.417020 190800.000000 7006.340906 0.000000
67.568516 67.125520 67.011915 66.319633 191700.000000 7010.013367 0.000000
66.738025 66.327226 66.208993 65.463041 192600.000000 7129.704403 0.000000
68.604749 69.177657 68.044882 67.071401 193500.000000 6563.783087 0.000000
67.935860 67.439482 67.299197 66.450206 194400.000000 6851.821430 0.000000
66.925351 66.279310 66.007860 64.250848 195300.000000 6870.115963 0.000000
68.236875 68.620629 66.895087 64.030331 196200.000000 6428.426157 0.000000
65.972710 64.352050 63.793121 60.453915 197100.000000 6515.208334 0.000000
64.455826 63.859193 62.125455 57.794502 198000.000000 6323.111435 0.000000
62.273283 61.092739 59.544712 54.819220 198900.000000 5567.656877 0.000000
59.940037 58.878856 57.250679 52.422336 199800.000000 4843.896541 0.000000
63.152217 64.742102 60.806196 54.465459 200700.000000 2801.541617 0.000000
59.436179 57.014369 56.375020 52.663129 201600.000000 2348.608769 0.000000
54.857789 52.895941 52.416671 49.691623 202500.000000 2143.790997 0.000000
51.305968 49.824785 49.485997 47.563927 203400.000000 2006.285856 0.000000
48.763772 47.735806 47.536279 46.405438 204300.000000 1884.669351 0.000000
47.190519 46.621583 46.562841 46.265575 205200.000000 1701.228574 0.000000
46.512555 46.294175 46.246921 45.939618 206100.000000 1669.488557 0.000000
46.112913 45.921859 45.871908 45.555652 207000.000000 1554.009540 0.000000
45.740678 45.562391 45.516683 45.227854 207900.000000 1488.672879 0.000000
45.395447 45.232615 45.191220 44.929711 208800.000000 1460.328647 0.000000
45.079717 44.935469 44.900970 44.684848 209700.000000 1427.682159 0.000000
44.806033 44.687330 44.660045 44.489647 210600.000000 1311.022452 0.000000
44.579835 44.487020 44.466797 44.341329 211500.000000 1286.824347 0.000000
44.401037 44.334106 44.320952 44.240526 212400.000000 1281.403211 0.000000
44.267490 44.216059 44.200846 44.101991 213300.000000 1268.522699 0.000000
44.126974 44.072229 44.054536 43.951761 214200.000000 1259.543736 0.000000
46.517240 47.178507 46.269198 45.688117 215100.000000 1256.164608 0.000000
46.295667 46.243443 46.227622 46.155717 216000.000000 1237.671502 0.000000
46.131927 46.057975 46.030953 45.883639 216900.000000 1233.841508 0.000000
45.917319 45.828985 45.798824 45.634865 217800.000000 1219.531282 0.000000
48.653679 50.305146 48.901540 46.807975 218700.000000 1209.335674 0.000000
51.388397 52.893799 51.549864 49.315684 219600.000000 1208.891415 0.000000
53.577368 54.773744 53.639478 51.743615 220500.000000 1211.606118 0.000000
56.193313 57.611510 56.282952 54.291938 221400.000000 1220.786943 0.000000
58.598206 59.816069 58.622550 56.877180 222300.000000 1311.055180 0.000000
61.248674 62.658988 61.338468 59.418796 223200.000000 1811.076397 0.000000
61.262058 60.949589 60.889054 60.491746 224100.000000 2524.766213 0.000000
60.754604 60.643490 60.613748 60.451633 225000.000000 3326.901377 0.000000
60.448835 60.353744 60.319183 60.156297 225900.000000 4299.853097 0.000000
60.139784 60.043692 60.007754 59.845020 226800.000000 5334.568810 0.000000
59.825848 59.725744 59.689810 59.524916 227700.000000 6392.459015 0.000000
59.485077 59.403910 59.370888 59.240658 228600.000000 7371.870796 0.000000
59.171030 59.088697 59.055506 58.923658 229500.000000 8254.060229 0.000000
61.748745 62.464918 61.425417 60.715263 230400.000000 9114.653564 0.000000
64.452214 65.144269 63.830602 62.365170 231300.000000 9768.345331 0.000000
66.607481 67.056529 65.558415 63.831758 232200.000000 10438.605895 0.000000
68.169063 68.441092 66.736003 64.596571 233100.000000 10920.361785 0.000000
68.768066 68.756826 66.920484 63.898842 234000.000000 11206.515059 0.000000
68.486363 68.295325 66.436049 62.807881 234900.000000 11322.280474 0.000000
68.680179 68.730034 66.550992 61.974132 235800.000000 11351.035835 0.000000
69.070456 69.211036 66.872528 60.749698 236700.000000 11467.735335 0.000000
68.996045 68.799069 66.617091 58.798805 237600.000000 11255.021364 0.000000
68.524868 68.018805 65.927493 56.734856 238500.000000 10775.899322 0.000000
68.660999 69.047873 66.469642 55.080182 239400.000000 10380.732343 0.000000
69.193769 69.796743 67.076566 54.076388 240300.000000 10102.637429 0.000000
69.535879 69.811989 67.193792 53.437431 241200.000000 10026.296877 0.000000
69.736439 70.002438 67.389975 52.693308 242100.000000 9867.880153 0.000000
68.484138 64.583398 63.751905 47.809124 243000.000000 9528.978506 0.000000
67.691445 68.363470 65.224379 48.429019 243900.000000 9090.693910 0.000000
67.898503 68.215036 65.678473 47.150979 244800.000000 8748.650014 0.000000
68.127661 68.602536 65.981953 46.182767 245700.000000 9013.361480 0.000000
66.957327 62.682187 61.780221 42.801159 246600.000000 9281.509546 0.000000
65.517090 64.488333 61.903888 42.886695 247500.000000 9143.189069 0.000000
65.927389 67.740805 63.943266 60.052191 248400.000000 9026.173274 0.000000
64.570489 62.169410 61.500724 55.083448 249300.000000 8396.958610 0.000000
61.275989 58.239121 57.625434 51.903183 250200.000000 7885.145290 0.000000
57.418986 54.505745 53.931452 48.966386 251100.000000 7246.810355 0.000000
53.467685 50.875406 50.324789 45.992666 252000.000000 6832.016336 0.000000
51.905413 52.056666 50.355954 47.408348 252900.000000 7064.886043 0.000000
50.439405 48.729469 48.359134 45.159449 253800.000000 7380.639864 0.000000
48.965458 47.149311 46.921079 44.088455 254700.000000 7682.803299 0.000000
48.835494 46.926792 46.901039 42.370632 255600.000000 8072.978295 0.000000
48.767345 46.862296 46.851539 42.266602 256500.000000 8486.549007 0.000000
46.124101 46.006475 46.045742 46.185102 257400.000000 9039.718850 0.000000
49.326002 50.619004 49.268577 47.918547 258300.000000 9357.636948 0.000000
51.963255 53.163714 51.977903 50.549179 259200.000000 9727.649577 0.000000
51.969884 51.751504 51.715089 51.496492 260100.000000 10008.777941 0.000000
51.644818 51.547739 51.522868 51.366856 261000.000000 10369.747809 0.000000
51.417829 51.316074 51.283250 51.084941 261900.000000 10472.896020 0.000000
51.122947 51.032316 50.998326 50.838934 262800.000000 10626.988156 0.000000
50.847044 50.731317 50.689451 50.472303 263700.000000 10679.362910 0.000000
53.200415 54.226018 53.066771 51.689200 264600.000000 10831.221717 0.000000
53.259092 53.257120 53.180357 50.907898 265500.000000 10969.079526 0.000000
55.357669 56.730246 55.376813 53.218921 266400.000000 11156.752384 0.000000
55.041852 54.722168 54.661351 54.336647 267300.000000 11337.448925 0.000000
57.482460 58.498701 57.201792 55.727228 268200.000000 11558.002999 0.000000
57.088162 56.719790 56.635598 56.142752 269100.000000 11679.373710 0.000000
56.303331 56.093512 56.014471 55.655473 270000.000000 11736.168486 0.000000
59.111145 60.236652 58.758926 56.997630 270900.000000 11780.937220 0.000000
61.403259 62.262126 60.979179 59.452156 271800.000000 11814.032743 0.000000
64.259401 65.358780 63.807802 61.987086 272700.000000 11883.972033 0.000000
66.735241 67.780466 66.310145 64.299581 273600.000000 11919.767413 0.000000
66.091492 65.507725 65.370495 64.525130 274500.000000 11927.743328 0.000000
67.269245 67.702023 66.733585 65.843788 275400.000000 11931.448571 0.000000
68.855437 69.378221 68.319188 67.118883 276300.000000 11949.091810 0.000000
67.782115 67.524680 67.414350 66.997596 277200.000000 11980.475451 0.000000
66.785855 66.511611 66.394127 65.953589 278100.000000 11969.499052 0.000000
65.777345 65.469015 65.342888 64.840313 279000.000000 11959.543538 0.000000
67.277074 67.692759 66.664659 65.681665 279900.000000 11913.522902 0.000000
68.898897 69.356196 68.263995 67.233111 280800.000000 11842.276193 0.000000
67.608181 67.100056 66.840576 65.870156 281700.000000 11487.420642 0.000000
68.788123 68.928088 67.401190 65.381225 282600.000000 10955.342001 0.000000
69.413701 69.420831 67.632441 65.120456 283500.000000 10296.092444 0.000000
69.666821 69.568614 67.475498 64.444024 284400.000000 9733.302566 0.000000
68.963195 68.480736 66.418973 61.879935 285300.000000 9041.125018 0.000000
67.323685 66.258949 64.461103 58.663798 286200.000000 8488.972290 0.000000
63.407680 60.473815 59.731279 54.460242 287100.000000 7794.019152 0.000000
60.200456 59.331267 57.625968 53.041303 288000.000000 6980.431726 0.000000
57.932307 57.396084 55.939196 52.959447 288900.000000 6262.493454 0.000000
54.775765 53.285277 52.929304 51.000241 289800.000000 5620.850730 0.000000
52.121597 51.075847 50.862658 49.678744 290700.000000 5024.945182 0.000000
50.506679 49.853582 49.773267 49.334887 291600.000000 4399.206956 0.000000
51.976672 52.919714 51.841767 50.329538 292500.000000 3876.977494 0.000000
54.354246 55.438610 54.192677 52.543034 293400.000000 3422.280858 0.000000
53.967539 53.721662 53.680389 53.468634 294300.000000 2968.565149 0.000000
53.511841 53.373962 53.332756 53.122023 295200.000000 2683.969834 0.000000
53.138688 53.024121 52.983239 52.793234 296100.000000 2318.343360 0.000000
52.958425 52.760259 52.707711 52.097957 297000.000000 1976.408198 0.000000
52.648992 52.371839 52.315109 51.759865 297900.000000 1599.320338 0.000000
52.199869 51.967544 51.918980 51.567258 298800.000000 1308.315615 0.000000
51.669225 51.578614 51.538300 51.388053 299700.000000 1284.534868 39818.966611
51.402673 51.232217 51.176262 50.819225 300600.000000 1247.266365 39874.163363
51.045418 50.832408 50.774283 50.370154 301500.000000 1209.114808 39901.729465
53.692455 55.322097 53.840233 51.554535 302400.000000 1201.964485 39949.220679
56.864858 58.548813 56.942223 54.408347 303300.000000 1348.669194 40051.780957
59.128095 60.286754 59.074582 57.096911 304200.000000 1575.286634 40122.283971
63.664794 65.768018 63.619777 61.005091 305100.000000 1575.358710 40155.863066
67.477257 68.539325 67.042650 66.068115 306000.000000 1902.216401 40194.112851
67.204207 66.930255 66.876816 66.556133 306900.000000 2504.889141 40223.679476
66.743174 66.548431 66.496128 66.161198 307800.000000 3251.796583 40238.463452
66.335423 66.136196 66.079763 65.720577 308700.000000 4090.947979 40269.886788
65.913146 65.704848 65.646132 65.272418 309600.000000 5074.452035 40291.791346
65.475034 65.255351 65.191738 64.785257 310500.000000 6166.774804 40325.139611
65.008821 64.770852 64.702017 64.262474 311400.000000 7242.941716 40343.001344
67.137637 68.148420 66.945231 65.376371 312300.000000 8035.551616 40347.334857
66.791593 66.415524 66.331885 65.828335 313200.000000 8809.755452 40348.658499
66.143413 65.852836 65.776516 65.292220 314100.000000 9345.795076 40353.030264
65.569911 65.286277 65.208706 64.717641 315000.000000 9809.294319 40355.685097
65.002117 64.719811 64.642847 64.155195 315900.000000 10405.807074 40360.505691
64.439056 64.158528 64.082191 63.597495 316800.000000 10754.935653 40362.529951
66.512043 67.117414 65.825905 64.038802 317700.000000 11043.549359 40362.908308
68.158710 68.565808 67.005185 64.425705 318600.000000 11362.513610 40363.143776
69.025818 69.147205 67.429239 64.836571 319500.000000 11560.401550 40365.585155
69.354461 69.270581 67.309815 64.046708 320400.000000 11780.057377 40371.088565
69.673749 69.826543 67.615410 64.754516 321300.000000 11787.402013 40372.194244
69.861482 69.942743 67.850369 65.086928 322200.000000 11735.358362 40380.722640
69.939144 69.988878 67.965038 65.268118 323100.000000 11681.011644 40380.885975
70.076377 70.048772 67.970324 64.455769 324000.000000 11544.070407 40380.939756
69.978148 69.910405 67.815395 63.822453 324900.000000 11508.438203 40380.941253
69.890304 69.755149 67.610363 62.347709 325800.000000 11104.725861 40380.942108
69.875211 69.764499 67.593224 58.796330 326700.000000 10949.988415 40380.947919
69.951111 70.031377 67.488414 58.407344 327600.000000 10414.204911 40380.954997
69.987923 70.034668 67.498633 58.202551 328500.000000 9639.229450 40380.955779
69.877311 69.907612 67.350891 59.578782 329400.000000 9051.278043 40380.957080
69.250577 68.660743 66.593808 58.427860 330300.000000 8421.814148 40380.957931
67.041710 63.574391 62.818940 53.857866 331200.000000 7679.168518 40380.961474
64.801088 63.806087 61.789065 53.182806 332100.000000 6853.728139 40380.965365
64.284241 64.240409 61.822742 53.041477 333000.000000 6039.739166 40380.967313
66.943434 68.246281 64.859999 61.527822 333900.000000 5123.050117 40380.967997
64.616728 62.404387 61.782770 57.529815 334800.000000 4055.532472 40380.974632
60.650590 58.456939 57.893991 54.189006 335700.000000 3512.419040 40381.151091
56.578991 54.629794 54.090622 50.839009 336600.000000 3037.930555 40381.233656
52.142170 50.749434 50.269353 48.016332 337500.000000 2563.390955 40381.308692
48.218261 46.998248 46.533744 44.556814 338400.000000 2112.968996 40381.381447
44.344653 43.530716 43.223679 42.072234 339300.000000 2125.143797 40381.383629
41.628141 41.059244 40.858113 40.100566 340200.000000 2141.576076 40381.385131
39.810643 39.490640 39.395671 39.031381 341100.000000 1973.652522 40381.387090
38.894259 38.823119 38.834323 38.863320 342000.000000 1792.270112 40381.388817
38.782079 38.753009 38.738747 38.680752 342900.000000 1691.042724 40381.389779
38.640199 38.602799 38.585184 38.519885 343800.000000 1605.790144 40381.390442
38.475982 38.421588 38.398166 38.299846 344700.000000 1518.808439 40381.392212
38.267505 38.201138 38.173154 38.055464 345600.000000 1404.468590 40381.410910
38.023391 37.941944 37.907703 37.762018 346500.000000 1363.463977 40381.446385
37.742394 37.638598 37.597265 37.410102 347400.000000 1307.533150 40418.957024
37.406806 37.286359 37.239088 37.025070 348300.000000 1285.022354 40422.290067
37.010930 36.884291 36.832652 36.614235 349200.000000 1208.589527 40546.798097
36.576662 36.442458 36.387772 36.163071 350100.000000 1221.489322 40684.865407
45.603246 48.039267 44.699283 42.607209 351000.000000 1254.147485 40844.353522
44.928944 44.758722 44.711852 44.493988 351900.000000 1385.149153 40990.090902
53.887455 56.305714 52.958143 50.838124 352800.000000 1614.444310 41096.307551
53.945414 53.385978 53.217051 51.113442 353700.000000 2068.235741 41177.944242
52.610063 52.355415 52.292746 51.973918 354600.000000 2839.368767 41247.784588
51.928551 51.743163 51.667514 51.361067 355500.000000 3820.378089 41274.678900
51.272737 51.085086 51.007337 50.701270 356400.000000 4913.368374 41494.743734
50.591158 50.404390 50.325866 50.025085 357300.000000 5935.621474 41511.200392
59.401479 61.780408 58.416793 56.237049 358200.000000 7330.871619 41512.815190
58.682381 58.273831 58.196792 57.795342 359100.000000 8783.892545 41512.862256
57.788900 57.576393 57.489356 57.138588 360000.000000 9294.642400 41512.918944
57.047973 56.821685 56.730910 56.360599 360900.000000 10337.749379 41513.003603
60.049579 60.976177 59.505300 58.172214 361800.000000 10737.806054 41545.710803
62.507107 63.411854 62.041012 60.487654 362700.000000 11129.324670 41614.572187
61.814199 61.377750 61.268261 60.669344 363600.000000 11320.543718 41614.602821
60.824667 60.532602 60.426472 59.939797 364500.000000 11350.036681 41614.604650
59.941088 59.657652 59.549707 59.080427 365400.000000 11257.437071 41614.606546
66.007260 67.663655 65.136265 63.365026 366300.000000 11261.512143 41614.641095
68.355858 69.045335 67.764577 66.704244 367200.000000 11323.543834 41614.643052
67.442102 66.891271 66.638874 65.408934 368100.000000 10816.872492 41614.693714
68.611696 68.820063 67.304862 65.155858 369000.000000 10455.216756 41614.770367
68.688850 68.526899 66.975131 64.198091 369900.000000 10311.153149 41614.772125
65.650308 63.748291 63.073109 59.270300 370800.000000 10184.112915 41614.773750
61.077669 58.987860 58.345220 54.857511 371700.000000 9655.816629 41614.798457
60.058322 59.842414 57.648630 52.743070 372600.000000 9074.222715 41614.799107
60.342387 60.501575 57.924309 52.573066 373500.000000 8538.199653 41614.809747
59.198721 58.546547 56.630033 51.533672 374400.000000 7997.886690 41614.811425
55.213253 53.035013 52.535014 49.592826 375300.000000 7489.208111 41614.851258
51.764273 50.026252 49.663650 47.339428 376200.000000 7073.948897 41615.096407
51.771029 52.476283 50.985019 46.795327 377100.000000 6751.744140 41618.727027
50.897228 49.714952 49.543105 48.171234 378000.000000 6483.280004 41618.728989
49.592885 49.147498 49.112368 48.848504 378900.000000 6071.110307 41618.730890
48.947598 48.805529 48.755094 48.512037 379800.000000 5578.780498 41646.405991
48.587910 48.394568 48.333447 47.967651 380700.000000 5179.445273 41712.954887
48.181117 47.953594 47.889329 47.467214 381600.000000 4653.566138 41825.317205
47.668334 47.473411 47.413541 47.089700 382500.000000 4329.675725 41905.870553
47.188489 47.000997 46.939070 46.618147 383400.000000 4227.521238 42056.401159
46.740103 46.525307 46.458044 46.072992 384300.000000 4139.292076 42199.807024
46.210168 46.014216 45.949570 45.620305 385200.000000 4054.064163 42373.313034
45.692715 45.507633 45.445691 45.143978 386100.000000 3998.524743 42703.900267
45.219377 45.024315 44.961662 44.635288 387000.000000 4138.411918 42978.525477
44.768006 44.556170 44.492720 44.129192 387900.000000 4310.805420 43418.893853
47.019955 47.812289 46.702004 45.657260 388800.000000 4474.963158 43871.675869
50.338026 51.493972 49.985717 48.563988 389700.000000 4934.198266 44386.790906
49.844129 49.634913 49.582022 49.327203 390600.000000 5823.307905 44942.322700
49.261693 49.123336 49.062934 48.837516 391500.000000 6619.392574 45465.126402
48.792919 48.592671 48.519412 48.168436 392400.000000 7352.308694 45800.739771
48.177815 48.007279 47.939834 47.661987 393300.000000 7772.725005 46219.803137
51.526096 52.596677 51.075091 49.728297 394200.000000 8093.580963 46390.990601
50.906839 50.689173 50.626007 50.334891 395100.000000 8417.366532 46503.342521
54.110886 54.995911 53.594882 52.576853 396000.000000 8889.145770 46739.507633
53.424628 53.270019 53.206256 52.958631 396900.000000 9260.288545 47059.124306
56.537130 57.465831 56.068124 54.914976 397800.000000 9646.249120 47215.657268
59.479649 60.616331 59.140002 57.526422 398700.000000 10073.884793 47347.684825
61.945665 63.067258 61.715976 59.875801 399600.000000 10506.919663 47482.823149
61.500700 61.120064 61.042324 60.604735 400500.000000 10609.842262 47573.534641
60.720294 60.542066 60.473727 60.180105 401400.000000 10918.316387 47670.695727
63.857190 64.760393 63.370020 62.298109 402300.000000 11354.041378 47762.486908
63.237759 63.025467 62.961399 62.667428 403200.000000 11440.077276 47763.446472
65.520311 66.007866 64.731335 63.280744 404100.000000 11634.426056 47828.836302
67.542662 67.968082 66.308700 64.143745 405000.000000 11608.379518 47910.463436
68.436911 68.527079 66.819721 64.449561 405900.000000 11608.958191 47961.936453
69.269607 69.323182 67.203282 64.283032 406800.000000 11704.508495 47999.496850
69.544823 69.563460 67.297455 63.674991 407700.000000 11761.367740 0.000000
69.758573 69.879472 67.563875 64.203086 408600.000000 11730.976078 0.000000
69.763711 69.813050 67.640400 64.599124 409500.000000 11457.609136 0.000000
69.626811 69.558895 67.450523 64.096114 410400.000000 11415.376073 0.000000
66.065365 63.948419 63.303198 59.662285 411300.000000 11780.679192 0.000000
61.718924 59.546071 58.909202 55.165658 412200.000000 11996.803935 0.000000
57.289928 55.144893 54.516791 50.862398 413100.000000 11732.958128 0.000000
56.013303 55.683890 53.640163 48.600005 414000.000000 10935.788144 0.000000
55.968659 55.993410 53.585149 48.239945 414900.000000 9583.435545 0.000000
56.012278 56.056467 53.632726 48.286765 415800.000000 8204.601255 0.000000
54.662344 54.012164 52.211299 47.604624 416700.000000 7305.009315 0.000000
52.958950 52.269629 50.597543 46.336030 417600.000000 6639.081690 0.000000
51.775327 51.348922 49.503500 45.269233 418500.000000 5658.341346 0.000000
51.507782 51.452986 49.282449 44.827509 419400.000000 4538.152361 0.000000
51.310457 51.253509 49.092774 44.701863 420300.000000 3295.662183 0.000000
50.238266 49.844962 48.058621 44.235960 421200.000000 2384.402940 0.000000
50.618714 50.815603 48.468168 44.119919 422100.000000 2293.240180 0.000000
50.340284 50.247244 48.189668 44.228003 423000.000000 2183.752329 0.000000
51.239157 51.638380 49.201233 45.950901 423900.000000 1200.017055 0.000000
46.947340 45.848983 45.379434 43.630807 424800.000000 1200.744653 0.000000
48.953623 49.695851 47.177355 43.892079 425700.000000 3120.397976 0.000000
54.252901 57.268675 53.384696 46.774867 426600.000000 5040.223190 0.000000
57.111685 58.525898 56.207073 52.285188 427500.000000 5769.150674 0.000000
63.604990 66.972240 63.500552 59.421033 428400.000000 5981.729305 0.000000
63.513371 62.976352 62.915868 62.604461 429300.000000 6023.357012 0.000000
62.858439 62.637465 62.584486 62.225779 430200.000000 6023.462575 0.000000
62.357524 62.166936 62.103103 61.759784 431100.000000 6017.999803 0.000000
61.845788 61.640533 61.569048 61.198401 432000.000000 6086.426236 0.000000
61.269252 61.057347 60.981316 60.610393 432900.000000 6250.503008 0.000000
60.671221 60.435768 60.352174 59.936465 433800.000000 6269.029984 0.000000
62.640431 63.431276 62.286743 60.887793 434700.000000 6281.731835 0.000000
64.726179 65.670793 64.414085 62.580078 435600.000000 6309.103521 0.000000
64.228568 63.707523 63.586241 62.807443 436500.000000 6238.661188 0.000000
63.259428 62.900929 62.797206 62.210866 437400.000000 6237.088716 0.000000
62.356973 62.074746 61.972902 61.502558 438300.000000 6195.946779 0.000000
61.483353 61.228184 61.127107 60.707470 439200.000000 6141.391865 0.000000
60.665781 60.377370 60.269814 59.789787 440100.000000 6125.078698 0.000000
59.781150 59.498730 59.391287 58.925912 441000.000000 6036.895380 0.000000
58.912152 58.612552 58.501025 58.003416 441900.000000 6015.595032 0.000000
57.955573 57.693766 57.587039 57.162630 442800.000000 6255.738023 0.000000
57.052861 56.776558 56.666547 56.218169 443700.000000 6767.961715 0.000000
56.125775 55.845273 55.733715 55.278288 444600.000000 7345.361601 0.000000
55.182127 54.901265 54.788750 54.333652 445500.000000 7779.007487 0.000000
56.798216 57.308241 56.252008 55.112519 446400.000000 8159.693195 0.000000
58.116230 58.620843 57.603813 56.189017 447300.000000 8452.486395 0.000000
59.671853 60.304173 59.156224 57.543154 448200.000000 9257.765069 0.000000
62.008865 63.021364 61.518873 59.405660 449100.000000 9747.467008 0.000000
64.859498 65.912060 64.263590 62.383842 450000.000000 10368.941005 0.000000
63.959895 63.430410 63.295046 62.568747 450900.000000 10639.228239 0.000000
65.244329 65.784733 64.683205 63.285316 451800.000000 10984.755036 0.000000
66.826665 67.316309 66.222078 65.141283 452700.000000 11292.866841 0.000000
68.718412 69.256071 68.083279 67.025060 453600.000000 11371.087338 0.000000
67.493038 66.987175 66.730603 65.739562 454500.000000 11385.865900 0.000000
68.579533 68.727988 67.199272 64.780254 455400.000000 11467.951212 0.000000
69.285582 69.347659 67.515569 64.990073 456300.000000 11324.531211 0.000000
69.614642 69.538327 67.442688 64.429676 457200.000000 11000.510275 0.000000
69.624846 69.470087 67.147316 62.647700 458100.000000 10647.592113 0.000000
67.116670 64.037844 63.215790 55.743610 459000.000000 10245.772640 0.000000
65.028154 64.850203 62.396783 56.615799 459900.000000 9646.414938 0.000000
61.532853 58.662258 57.930037 52.715110 460800.000000 9065.489173 0.000000
56.987335 54.284668 53.728742 49.831654 461700.000000 8569.921646 0.000000
53.492266 51.152916 50.730072 47.401877 462600.000000 7770.690171 0.000000
50.964138 48.962725 48.674922 46.069302 463500.000000 6958.244861 0.000000
49.421674 47.731942 47.578968 45.778316 464400.000000 6136.274266 0.000000
47.708989 47.057753 47.009329 46.628453 465300.000000 5448.344161 0.000000
46.895498 46.627296 46.555810 46.114031 466200.000000 4666.976398 0.000000
46.346987 46.067844 45.984887 45.475606 467100.000000 4153.694489 0.000000
45.760296 45.464816 45.378268 44.849299 468000.000000 3310.347154 0.000000
45.128332 44.833841 44.746613 44.236206 468900.000000 2817.587497 0.000000
44.483002 44.191534 44.102785 43.598097 469800.000000 2484.570856 0.000000
43.854347 43.543028 43.449793 42.896835 470700.000000 1891.654798 0.000000
43.224652 42.881480 42.783385 42.161285 471600.000000 1661.697141 0.000000
42.529245 42.202816 42.117669 41.608403 472500.000000 1518.951903 0.000000
41.895962 41.613440 41.539408 41.102463 473400.000000 1445.895283 0.000000
41.357620 41.101030 41.035683 40.635647 474300.000000 1368.284023 0.000000
40.860396 40.649881 40.596914 40.286815 475200.000000 1258.905793 0.000000
40.414742 40.252188 40.200644 39.927938 476100.000000 1200.000064 0.000000
40.007769 39.846518 39.793331 39.518148 477000.000000 1199.999993 0.000000
39.586383 39.429731 39.376465 39.112214 477900.000000 1202.894548 0.000000
39.153687 39.004655 38.951589 38.702689 478800.000000 1242.269741 0.000000
38.727124 38.583293 38.534040 38.305724 479700.000000 1440.202417 0.000000
41.747360 42.736943 41.412485 40.285183 480600.000000 1874.138065 0.000000
45.410798 46.927894 45.234747 43.390239 481500.000000 2282.315883 0.000000
45.147556 44.891607 44.856735 44.677504 482400.000000 2916.645806 0.000000
48.934572 50.234935 48.594125 47.179672 483300.000000 3532.457169 0.000000
51.654205 52.692027 51.410092 50.062272 484200.000000 4158.987998 0.000000
51.242468 51.060415 51.015760 50.799139 485100.000000 4767.430030 0.000000
53.481375 54.188165 53.135411 52.213110 486000.000000 5359.987952 0.000000
55.736593 56.747246 55.548412 53.987173 486900.000000 5525.519504 0.000000
55.347522 55.047524 54.985383 54.648347 487800.000000 6343.404455 0.000000
57.737104 58.605013 57.396455 56.227017 488700.000000 7079.894175 0.000000
60.818653 62.028826 60.526891 58.878001 489600.000000 8026.749983 0.000000
63.795617 64.775448 63.147160 60.829167 490500.000000 8606.984944 0.000000
65.365453 65.754716 64.210830 61.524342 491400.000000 8718.751322 0.000000
66.493160 66.718896 64.843339 61.595066 492300.000000 9180.227995 0.000000
66.718804 66.588463 64.563564 60.424577 493200.000000 9651.588222 0.000000
65.651781 65.049156 63.195934 58.575924 494100.000000 10209.496855 0.000000
64.976795 64.713684 62.551372 57.455457 495000.000000 10607.960563 0.000000
64.853250 64.830016 62.445173 56.962202 495900.000000 11701.538660 0.000000
64.503772 64.287807 62.026806 56.197657 496800.000000 11516.381210 0.000000
64.814292 65.060338 62.442031 56.192254 497700.000000 10751.893856 0.000000
65.229668 65.455215 62.843944 56.452855 498600.000000 10350.690986 0.000000
64.526649 63.833829 61.838685 54.684942 499500.000000 10045.544712 0.000000
64.499650 64.712053 62.108400 54.447499 500400.000000 9852.320768 0.000000
65.195240 65.702707 62.881423 54.978053 501300.000000 9633.053023 0.000000
65.503801 65.616749 63.095598 54.097854 502200.000000 9269.204566 0.000000
64.837599 64.095522 61.996668 53.138383 503100.000000 8762.219289 0.000000
63.956205 63.355323 61.180147 52.320859 504000.000000 8274.607055 0.000000
62.975374 62.267742 60.162878 51.766843 504900.000000 7694.959640 0.000000
65.061282 66.261321 62.947369 59.607878 505800.000000 7128.118784 0.000000
64.260589 63.709149 62.119729 58.387541 506700.000000 6454.902368 0.000000
64.937685 65.294575 62.864876 58.260992 507600.000000 6008.319889 0.000000
61.984871 59.688993 59.072597 55.004172 508500.000000 6281.642537 0.000000
57.665817 55.654378 55.102584 51.800653 509400.000000 5598.444240 0.000000
52.726722 51.598433 51.137413 49.313893 510300.000000 4869.193195 0.000000
49.176552 47.820801 47.322093 45.090202 511200.000000 4189.846172 0.000000
45.045925 44.200259 43.880882 42.680086 512100.000000 3863.731912 0.000000
42.222220 41.628378 41.417465 40.623407 513000.000000 3595.555490 0.000000
40.319070 39.979318 39.876798 39.484274 513900.000000 3414.706512 0.000000
39.423214 39.226553 39.224752 39.233468 514800.000000 3240.990348 0.000000
39.188628 39.134746 39.111982 38.992525 515700.000000 3119.548586 27392.776823
39.023739 38.932008 38.899666 38.698981 516600.000000 3068.143313 27412.850867
38.787877 38.670261 38.631543 38.398007 517500.000000 3115.753027 27422.864612
