11.90000
11.90000
11.90000
11.90000
11.80000
11.80000
11.92657
11.92267
11.90000
11.90000
11.90000
11.90000
11.70000
11.62260
11.54637
11.16802
10.82030
10.44504
10.14588
9.84535
9.95313
10.25503
10.12657
10.20000
10.45313
10.67733
10.77343
10.46802
10.07343
10.00000
10.00000
10.15499
10.45347
10.75514
10.77327
10.77780
10.82673
10.90000
11.10000
11.17772
11.15470
11.37750
11.70000
11.93249
12.20000
12.35499
12.80000
13.03249
13.17327
12.94501
13.17327
12.94501
12.95347
13.33272
13.60000
13.60000
13.47277
13.47750
13.81980
13.52215
13.54545
13.24467
12.81929
12.44467
12.01929
11.64467
11.31929
10.86701
10.61929
10.24467
9.87310
9.64467
9.41929
9.12234
9.01745
8.72234
8.60000
8.44467
8.31929
8.10000
7.97310
7.66701
7.65381
7.87766
8.07310
8.00000
7.92690
8.07782
7.92707
7.92217
7.80000
7.72209
7.67268
7.60000
7.40000
7.40000
